condition,episode_id,baseline_index,condition_index,phase,baseline_phase_progress,condition_phase_progress,phase_progress_residual,reference_pose_translation_residual_m,baseline_timestamp,condition_timestamp,timestamp_residual_sec,baseline_image,condition_image
lighting_low,episode_000001,0,0,hold,0.0,0.0,0.0,6.23703002928383e-07,0.0114889619871974,0.012955307960510254,0.0014663459733128548,/home/ubuntu/a0509_vla_linux_field_bundle_20260903/lhj/phase11_sim_condition_replication/real_dataset/baseline/episodes/episode_000001/images/primary/000000.jpg,/home/ubuntu/a0509_vla_linux_field_bundle_20260903/lhj/phase11_sim_condition_replication/real_dataset/lighting_low/episodes/episode_000001/images/primary/000000.jpg
lighting_low,episode_000001,1,1,hold,1.0,1.0,0.0,6.23703002928383e-07,0.20896366704255342,0.2065688141155988,-0.002394852926954627,/home/ubuntu/a0509_vla_linux_field_bundle_20260903/lhj/phase11_sim_condition_replication/real_dataset/baseline/episodes/episode_000001/images/primary/000001.jpg,/home/ubuntu/a0509_vla_linux_field_bundle_20260903/lhj/phase11_sim_condition_replication/real_dataset/lighting_low/episodes/episode_000001/images/primary/000001.jpg
lighting_low,episode_000001,2,2,alignment,0.0,0.0,0.0,0.00012284285542414166,0.40830154111608863,0.40763034811243415,-0.00067119300365448,/home/ubuntu/a0509_vla_linux_field_bundle_20260903/lhj/phase11_sim_condition_replication/real_dataset/baseline/episodes/episode_000001/images/primary/000002.jpg,/home/ubuntu/a0509_vla_linux_field_bundle_20260903/lhj/phase11_sim_condition_replication/real_dataset/lighting_low/episodes/episode_000001/images/primary/000002.jpg
lighting_low,episode_000001,3,3,alignment,0.058823529411764705,0.0625,0.003676470588235295,0.00013750160316013018,0.6075640269555151,0.6070002759806812,-0.0005637509748339653,/home/ubuntu/a0509_vla_linux_field_bundle_20260903/lhj/phase11_sim_condition_replication/real_dataset/baseline/episodes/episode_000001/images/primary/000003.jpg,/home/ubuntu/a0509_vla_linux_field_bundle_20260903/lhj/phase11_sim_condition_replication/real_dataset/lighting_low/episodes/episode_000001/images/primary/000003.jpg
lighting_low,episode_000001,4,4,alignment,0.11764705882352941,0.125,0.00735294117647059,0.0007560270471601246,0.8056645269971341,0.8120831600390375,0.006418633041903377,/home/ubuntu/a0509_vla_linux_field_bundle_20260903/lhj/phase11_sim_condition_replication/real_dataset/baseline/episodes/episode_000001/images/primary/000004.jpg,/home/ubuntu/a0509_vla_linux_field_bundle_20260903/lhj/phase11_sim_condition_replication/real_dataset/lighting_low/episodes/episode_000001/images/primary/000004.jpg
lighting_low,episode_000001,5,5,alignment,0.17647058823529413,0.1875,0.011029411764705871,0.027058690565375063,1.0059178450610489,1.2117031221278012,0.20578527706675231,/home/ubuntu/a0509_vla_linux_field_bundle_20260903/lhj/phase11_sim_condition_replication/real_dataset/baseline/episodes/episode_000001/images/primary/000005.jpg,/home/ubuntu/a0509_vla_linux_field_bundle_20260903/lhj/phase11_sim_condition_replication/real_dataset/lighting_low/episodes/episode_000001/images/primary/000005.jpg
lighting_low,episode_000001,6,6,alignment,0.23529411764705882,0.25,0.01470588235294118,0.02640277663675422,1.2056538129691035,1.4066918739117682,0.20103806094266474,/home/ubuntu/a0509_vla_linux_field_bundle_20260903/lhj/phase11_sim_condition_replication/real_dataset/baseline/episodes/episode_000001/images/primary/000006.jpg,/home/ubuntu/a0509_vla_linux_field_bundle_20260903/lhj/phase11_sim_condition_replication/real_dataset/lighting_low/episodes/episode_000001/images/primary/000006.jpg
lighting_low,episode_000001,7,7,alignment,0.29411764705882354,0.3125,0.01838235294117646,0.02640224968002308,1.4056148200761527,1.6068680870812386,0.20125326700508595,/home/ubuntu/a0509_vla_linux_field_bundle_20260903/lhj/phase11_sim_condition_replication/real_dataset/baseline/episodes/episode_000001/images/primary/000007.jpg,/home/ubuntu/a0509_vla_linux_field_bundle_20260903/lhj/phase11_sim_condition_replication/real_dataset/lighting_low/episodes/episode_000001/images/primary/000007.jpg
lighting_low,episode_000001,8,8,alignment,0.35294117647058826,0.375,0.022058823529411742,0.02674750994257154,1.6074942629784346,1.8115829210728407,0.20408865809440613,/home/ubuntu/a0509_vla_linux_field_bundle_20260903/lhj/phase11_sim_condition_replication/real_dataset/baseline/episodes/episode_000001/images/primary/000008.jpg,/home/ubuntu/a0509_vla_linux_field_bundle_20260903/lhj/phase11_sim_condition_replication/real_dataset/lighting_low/episodes/episode_000001/images/primary/000008.jpg
lighting_low,episode_000001,9,9,alignment,0.4117647058823529,0.4375,0.02573529411764708,0.02695895372332387,1.8105045340489596,2.016416649101302,0.20591211505234241,/home/ubuntu/a0509_vla_linux_field_bundle_20260903/lhj/phase11_sim_condition_replication/real_dataset/baseline/episodes/episode_000001/images/primary/000009.jpg,/home/ubuntu/a0509_vla_linux_field_bundle_20260903/lhj/phase11_sim_condition_replication/real_dataset/lighting_low/episodes/episode_000001/images/primary/000009.jpg
lighting_low,episode_000001,10,10,alignment,0.47058823529411764,0.5,0.02941176470588236,0.026805521410588565,2.007024008082226,2.2119898539967835,0.20496584591455758,/home/ubuntu/a0509_vla_linux_field_bundle_20260903/lhj/phase11_sim_condition_replication/real_dataset/baseline/episodes/episode_000001/images/primary/000010.jpg,/home/ubuntu/a0509_vla_linux_field_bundle_20260903/lhj/phase11_sim_condition_replication/real_dataset/lighting_low/episodes/episode_000001/images/primary/000010.jpg
lighting_low,episode_000001,11,10,alignment,0.5294117647058824,0.5,0.02941176470588236,5.299387115241123e-05,2.209355429979041,2.2119898539967835,0.002634424017742276,/home/ubuntu/a0509_vla_linux_field_bundle_20260903/lhj/phase11_sim_condition_replication/real_dataset/baseline/episodes/episode_000001/images/primary/000011.jpg,/home/ubuntu/a0509_vla_linux_field_bundle_20260903/lhj/phase11_sim_condition_replication/real_dataset/lighting_low/episodes/episode_000001/images/primary/000010.jpg
lighting_low,episode_000001,12,11,alignment,0.5882352941176471,0.5625,0.02573529411764708,0.0003835323677356217,2.408496150979772,2.4080437750089914,-0.00045237597078084946,/home/ubuntu/a0509_vla_linux_field_bundle_20260903/lhj/phase11_sim_condition_replication/real_dataset/baseline/episodes/episode_000001/images/primary/000012.jpg,/home/ubuntu/a0509_vla_linux_field_bundle_20260903/lhj/phase11_sim_condition_replication/real_dataset/lighting_low/episodes/episode_000001/images/primary/000011.jpg
lighting_low,episode_000001,13,12,alignment,0.6470588235294118,0.625,0.022058823529411797,0.000420360868314797,2.608256708132103,2.607744466047734,-0.0005122420843690634,/home/ubuntu/a0509_vla_linux_field_bundle_20260903/lhj/phase11_sim_condition_replication/real_dataset/baseline/episodes/episode_000001/images/primary/000013.jpg,/home/ubuntu/a0509_vla_linux_field_bundle_20260903/lhj/phase11_sim_condition_replication/real_dataset/lighting_low/episodes/episode_000001/images/primary/000012.jpg
lighting_low,episode_000001,14,13,alignment,0.7058823529411765,0.6875,0.018382352941176516,0.00045621975315125664,2.807892194017768,2.8073272900655866,-0.0005649039521813393,/home/ubuntu/a0509_vla_linux_field_bundle_20260903/lhj/phase11_sim_condition_replication/real_dataset/baseline/episodes/episode_000001/images/primary/000014.jpg,/home/ubuntu/a0509_vla_linux_field_bundle_20260903/lhj/phase11_sim_condition_replication/real_dataset/lighting_low/episodes/episode_000001/images/primary/000013.jpg
lighting_low,episode_000001,15,14,alignment,0.7647058823529411,0.75,0.014705882352941124,0.00025003306390608776,3.0057878959923983,3.007001039106399,0.0012131431140005589,/home/ubuntu/a0509_vla_linux_field_bundle_20260903/lhj/phase11_sim_condition_replication/real_dataset/baseline/episodes/episode_000001/images/primary/000015.jpg,/home/ubuntu/a0509_vla_linux_field_bundle_20260903/lhj/phase11_sim_condition_replication/real_dataset/lighting_low/episodes/episode_000001/images/primary/000014.jpg
lighting_low,episode_000001,16,15,alignment,0.8235294117647058,0.8125,0.011029411764705843,0.00010798342994616561,3.207286945078522,3.211431643925607,0.0041446988470852375,/home/ubuntu/a0509_vla_linux_field_bundle_20260903/lhj/phase11_sim_condition_replication/real_dataset/baseline/episodes/episode_000001/images/primary/000016.jpg,/home/ubuntu/a0509_vla_linux_field_bundle_20260903/lhj/phase11_sim_condition_replication/real_dataset/lighting_low/episodes/episode_000001/images/primary/000015.jpg
lighting_low,episode_000001,17,16,alignment,0.8823529411764706,0.875,0.007352941176470562,0.0005630586809337465,3.4070767890661955,3.4063597901258618,-0.000716998940333724,/home/ubuntu/a0509_vla_linux_field_bundle_20260903/lhj/phase11_sim_condition_replication/real_dataset/baseline/episodes/episode_000001/images/primary/000017.jpg,/home/ubuntu/a0509_vla_linux_field_bundle_20260903/lhj/phase11_sim_condition_replication/real_dataset/lighting_low/episodes/episode_000001/images/primary/000016.jpg
lighting_low,episode_000001,18,17,alignment,0.9411764705882353,0.9375,0.003676470588235281,0.00028219995728328634,3.605650704121217,3.6072778650559485,0.0016271609347313643,/home/ubuntu/a0509_vla_linux_field_bundle_20260903/lhj/phase11_sim_condition_replication/real_dataset/baseline/episodes/episode_000001/images/primary/000018.jpg,/home/ubuntu/a0509_vla_linux_field_bundle_20260903/lhj/phase11_sim_condition_replication/real_dataset/lighting_low/episodes/episode_000001/images/primary/000017.jpg
lighting_low,episode_000001,19,18,alignment,1.0,1.0,0.0,0.0004753301330342554,3.8072433271445334,3.807629212969914,0.00038588582538068295,/home/ubuntu/a0509_vla_linux_field_bundle_20260903/lhj/phase11_sim_condition_replication/real_dataset/baseline/episodes/episode_000001/images/primary/000019.jpg,/home/ubuntu/a0509_vla_linux_field_bundle_20260903/lhj/phase11_sim_condition_replication/real_dataset/lighting_low/episodes/episode_000001/images/primary/000018.jpg
lighting_low,episode_000001,20,19,descent_to_grasp,0.0,0.0,0.0,0.0003471019216607804,4.007283904124051,4.006695847958326,-0.0005880561657249928,/home/ubuntu/a0509_vla_linux_field_bundle_20260903/lhj/phase11_sim_condition_replication/real_dataset/baseline/episodes/episode_000001/images/primary/000020.jpg,/home/ubuntu/a0509_vla_linux_field_bundle_20260903/lhj/phase11_sim_condition_replication/real_dataset/lighting_low/episodes/episode_000001/images/primary/000019.jpg
lighting_low,episode_000001,21,20,descent_to_grasp,0.14285714285714285,0.14285714285714285,0.0,0.0005668560486316947,4.211635852931067,4.2085451579187065,-0.0030906950123608112,/home/ubuntu/a0509_vla_linux_field_bundle_20260903/lhj/phase11_sim_condition_replication/real_dataset/baseline/episodes/episode_000001/images/primary/000021.jpg,/home/ubuntu/a0509_vla_linux_field_bundle_20260903/lhj/phase11_sim_condition_replication/real_dataset/lighting_low/episodes/episode_000001/images/primary/000020.jpg
lighting_low,episode_000001,22,21,descent_to_grasp,0.2857142857142857,0.2857142857142857,0.0,0.0003690485917106021,4.406183535000309,4.406683416105807,0.0004998811054974794,/home/ubuntu/a0509_vla_linux_field_bundle_20260903/lhj/phase11_sim_condition_replication/real_dataset/baseline/episodes/episode_000001/images/primary/000022.jpg,/home/ubuntu/a0509_vla_linux_field_bundle_20260903/lhj/phase11_sim_condition_replication/real_dataset/lighting_low/episodes/episode_000001/images/primary/000021.jpg
lighting_low,episode_000001,23,22,descent_to_grasp,0.42857142857142855,0.42857142857142855,0.0,0.000252017011931435,4.605748414061964,4.608671189984307,0.002922775922343135,/home/ubuntu/a0509_vla_linux_field_bundle_20260903/lhj/phase11_sim_condition_replication/real_dataset/baseline/episodes/episode_000001/images/primary/000023.jpg,/home/ubuntu/a0509_vla_linux_field_bundle_20260903/lhj/phase11_sim_condition_replication/real_dataset/lighting_low/episodes/episode_000001/images/primary/000022.jpg
lighting_low,episode_000001,24,23,descent_to_grasp,0.5714285714285714,0.5714285714285714,0.0,0.0004671753607735715,4.806648371042684,4.807123750913888,0.00047537987120449543,/home/ubuntu/a0509_vla_linux_field_bundle_20260903/lhj/phase11_sim_condition_replication/real_dataset/baseline/episodes/episode_000001/images/primary/000024.jpg,/home/ubuntu/a0509_vla_linux_field_bundle_20260903/lhj/phase11_sim_condition_replication/real_dataset/lighting_low/episodes/episode_000001/images/primary/000023.jpg
lighting_low,episode_000001,25,24,descent_to_grasp,0.7142857142857143,0.7142857142857143,0.0,0.0004226663557555956,5.008439937140793,5.010281787021086,0.0018418498802930117,/home/ubuntu/a0509_vla_linux_field_bundle_20260903/lhj/phase11_sim_condition_replication/real_dataset/baseline/episodes/episode_000001/images/primary/000025.jpg,/home/ubuntu/a0509_vla_linux_field_bundle_20260903/lhj/phase11_sim_condition_replication/real_dataset/lighting_low/episodes/episode_000001/images/primary/000024.jpg
lighting_low,episode_000001,26,25,descent_to_grasp,0.8571428571428571,0.8571428571428571,0.0,0.0006379430641379617,5.208159340079874,5.2075478839688,-0.000611456111073494,/home/ubuntu/a0509_vla_linux_field_bundle_20260903/lhj/phase11_sim_condition_replication/real_dataset/baseline/episodes/episode_000001/images/primary/000026.jpg,/home/ubuntu/a0509_vla_linux_field_bundle_20260903/lhj/phase11_sim_condition_replication/real_dataset/lighting_low/episodes/episode_000001/images/primary/000025.jpg
lighting_low,episode_000001,27,26,descent_to_grasp,1.0,1.0,0.0,0.0005840872021962447,5.4063151001464576,5.407194430939853,0.0008793307933956385,/home/ubuntu/a0509_vla_linux_field_bundle_20260903/lhj/phase11_sim_condition_replication/real_dataset/baseline/episodes/episode_000001/images/primary/000027.jpg,/home/ubuntu/a0509_vla_linux_field_bundle_20260903/lhj/phase11_sim_condition_replication/real_dataset/lighting_low/episodes/episode_000001/images/primary/000026.jpg
lighting_low,episode_000001,28,27,grasp_close,0.0,0.0,0.0,0.0,5.607379009947181,5.60677721304819,-0.0006017968989908695,/home/ubuntu/a0509_vla_linux_field_bundle_20260903/lhj/phase11_sim_condition_replication/real_dataset/baseline/episodes/episode_000001/images/primary/000028.jpg,/home/ubuntu/a0509_vla_linux_field_bundle_20260903/lhj/phase11_sim_condition_replication/real_dataset/lighting_low/episodes/episode_000001/images/primary/000027.jpg
lighting_low,episode_000001,29,28,grasp_close,0.1111111111111111,0.1111111111111111,0.0,0.0,5.805766494013369,5.810027654981241,0.004261160967871547,/home/ubuntu/a0509_vla_linux_field_bundle_20260903/lhj/phase11_sim_condition_replication/real_dataset/baseline/episodes/episode_000001/images/primary/000029.jpg,/home/ubuntu/a0509_vla_linux_field_bundle_20260903/lhj/phase11_sim_condition_replication/real_dataset/lighting_low/episodes/episode_000001/images/primary/000028.jpg
lighting_low,episode_000001,30,29,grasp_close,0.2222222222222222,0.2222222222222222,0.0,0.0,6.011126148980111,6.007187356939539,-0.00393879204057157,/home/ubuntu/a0509_vla_linux_field_bundle_20260903/lhj/phase11_sim_condition_replication/real_dataset/baseline/episodes/episode_000001/images/primary/000030.jpg,/home/ubuntu/a0509_vla_linux_field_bundle_20260903/lhj/phase11_sim_condition_replication/real_dataset/lighting_low/episodes/episode_000001/images/primary/000029.jpg
lighting_low,episode_000001,31,30,grasp_close,0.3333333333333333,0.3333333333333333,0.0,0.0,6.208024030085653,6.207965454086661,-5.857599899172783e-05,/home/ubuntu/a0509_vla_linux_field_bundle_20260903/lhj/phase11_sim_condition_replication/real_dataset/baseline/episodes/episode_000001/images/primary/000031.jpg,/home/ubuntu/a0509_vla_linux_field_bundle_20260903/lhj/phase11_sim_condition_replication/real_dataset/lighting_low/episodes/episode_000001/images/primary/000030.jpg
lighting_low,episode_000001,32,31,grasp_close,0.4444444444444444,0.4444444444444444,0.0,0.0,6.407445193966851,6.407196056097746,-0.000249137869104743,/home/ubuntu/a0509_vla_linux_field_bundle_20260903/lhj/phase11_sim_condition_replication/real_dataset/baseline/episodes/episode_000001/images/primary/000032.jpg,/home/ubuntu/a0509_vla_linux_field_bundle_20260903/lhj/phase11_sim_condition_replication/real_dataset/lighting_low/episodes/episode_000001/images/primary/000031.jpg
lighting_low,episode_000001,33,32,grasp_close,0.5555555555555556,0.5555555555555556,0.0,0.0,6.605974436970428,6.606947802938521,0.000973365968093276,/home/ubuntu/a0509_vla_linux_field_bundle_20260903/lhj/phase11_sim_condition_replication/real_dataset/baseline/episodes/episode_000001/images/primary/000033.jpg,/home/ubuntu/a0509_vla_linux_field_bundle_20260903/lhj/phase11_sim_condition_replication/real_dataset/lighting_low/episodes/episode_000001/images/primary/000032.jpg
lighting_low,episode_000001,34,33,grasp_close,0.6666666666666666,0.6666666666666666,0.0,0.0,6.808866969076917,6.8101650041062385,0.001298035029321909,/home/ubuntu/a0509_vla_linux_field_bundle_20260903/lhj/phase11_sim_condition_replication/real_dataset/baseline/episodes/episode_000001/images/primary/000034.jpg,/home/ubuntu/a0509_vla_linux_field_bundle_20260903/lhj/phase11_sim_condition_replication/real_dataset/lighting_low/episodes/episode_000001/images/primary/000033.jpg
lighting_low,episode_000001,35,34,grasp_close,0.7777777777777778,0.7777777777777778,0.0,0.0,7.007815076038241,7.008802235126495,0.000987159088253975,/home/ubuntu/a0509_vla_linux_field_bundle_20260903/lhj/phase11_sim_condition_replication/real_dataset/baseline/episodes/episode_000001/images/primary/000035.jpg,/home/ubuntu/a0509_vla_linux_field_bundle_20260903/lhj/phase11_sim_condition_replication/real_dataset/lighting_low/episodes/episode_000001/images/primary/000034.jpg
lighting_low,episode_000001,36,35,grasp_close,0.8888888888888888,0.8888888888888888,0.0,0.0,7.207922433968633,7.207907339092344,-1.5094876289367676e-05,/home/ubuntu/a0509_vla_linux_field_bundle_20260903/lhj/phase11_sim_condition_replication/real_dataset/baseline/episodes/episode_000001/images/primary/000036.jpg,/home/ubuntu/a0509_vla_linux_field_bundle_20260903/lhj/phase11_sim_condition_replication/real_dataset/lighting_low/episodes/episode_000001/images/primary/000035.jpg
lighting_low,episode_000001,37,36,grasp_close,1.0,1.0,0.0,0.0,7.407552961958572,7.407052282011136,-0.0005006799474358559,/home/ubuntu/a0509_vla_linux_field_bundle_20260903/lhj/phase11_sim_condition_replication/real_dataset/baseline/episodes/episode_000001/images/primary/000037.jpg,/home/ubuntu/a0509_vla_linux_field_bundle_20260903/lhj/phase11_sim_condition_replication/real_dataset/lighting_low/episodes/episode_000001/images/primary/000036.jpg
lighting_low,episode_000001,38,37,lift,0.0,0.0,0.0,0.0005686016225563972,7.606171583989635,7.607394163962454,0.0012225799728184938,/home/ubuntu/a0509_vla_linux_field_bundle_20260903/lhj/phase11_sim_condition_replication/real_dataset/baseline/episodes/episode_000001/images/primary/000038.jpg,/home/ubuntu/a0509_vla_linux_field_bundle_20260903/lhj/phase11_sim_condition_replication/real_dataset/lighting_low/episodes/episode_000001/images/primary/000037.jpg
lighting_low,episode_000001,39,38,lift,0.125,0.125,0.0,0.0006194784462035807,7.806857225950807,7.807825150899589,0.0009679249487817287,/home/ubuntu/a0509_vla_linux_field_bundle_20260903/lhj/phase11_sim_condition_replication/real_dataset/baseline/episodes/episode_000001/images/primary/000039.jpg,/home/ubuntu/a0509_vla_linux_field_bundle_20260903/lhj/phase11_sim_condition_replication/real_dataset/lighting_low/episodes/episode_000001/images/primary/000038.jpg
lighting_low,episode_000001,40,39,lift,0.25,0.25,0.0,0.0006999362658647312,8.007762884022668,8.008011885918677,0.00024900189600884914,/home/ubuntu/a0509_vla_linux_field_bundle_20260903/lhj/phase11_sim_condition_replication/real_dataset/baseline/episodes/episode_000001/images/primary/000040.jpg,/home/ubuntu/a0509_vla_linux_field_bundle_20260903/lhj/phase11_sim_condition_replication/real_dataset/lighting_low/episodes/episode_000001/images/primary/000039.jpg
lighting_low,episode_000001,41,40,lift,0.375,0.375,0.0,0.0003337158375032456,8.206239856081083,8.21278289007023,0.006543033989146352,/home/ubuntu/a0509_vla_linux_field_bundle_20260903/lhj/phase11_sim_condition_replication/real_dataset/baseline/episodes/episode_000001/images/primary/000041.jpg,/home/ubuntu/a0509_vla_linux_field_bundle_20260903/lhj/phase11_sim_condition_replication/real_dataset/lighting_low/episodes/episode_000001/images/primary/000040.jpg
lighting_low,episode_000001,42,41,lift,0.5,0.5,0.0,0.0006993635410167953,8.406326968921348,8.407667098101228,0.001340129179880023,/home/ubuntu/a0509_vla_linux_field_bundle_20260903/lhj/phase11_sim_condition_replication/real_dataset/baseline/episodes/episode_000001/images/primary/000042.jpg,/home/ubuntu/a0509_vla_linux_field_bundle_20260903/lhj/phase11_sim_condition_replication/real_dataset/lighting_low/episodes/episode_000001/images/primary/000041.jpg
lighting_low,episode_000001,43,42,lift,0.625,0.625,0.0,0.00024138728161776646,8.60633012605831,8.615410374011844,0.009080247953534126,/home/ubuntu/a0509_vla_linux_field_bundle_20260903/lhj/phase11_sim_condition_replication/real_dataset/baseline/episodes/episode_000001/images/primary/000043.jpg,/home/ubuntu/a0509_vla_linux_field_bundle_20260903/lhj/phase11_sim_condition_replication/real_dataset/lighting_low/episodes/episode_000001/images/primary/000042.jpg
lighting_low,episode_000001,44,43,lift,0.75,0.75,0.0,0.0007641388108030611,8.806412013946101,8.80782045610249,0.0014084421563893557,/home/ubuntu/a0509_vla_linux_field_bundle_20260903/lhj/phase11_sim_condition_replication/real_dataset/baseline/episodes/episode_000001/images/primary/000044.jpg,/home/ubuntu/a0509_vla_linux_field_bundle_20260903/lhj/phase11_sim_condition_replication/real_dataset/lighting_low/episodes/episode_000001/images/primary/000043.jpg
lighting_low,episode_000001,45,44,lift,0.875,0.875,0.0,0.0009377371792714806,9.008942139102146,9.008172364905477,-0.0007697741966694593,/home/ubuntu/a0509_vla_linux_field_bundle_20260903/lhj/phase11_sim_condition_replication/real_dataset/baseline/episodes/episode_000001/images/primary/000045.jpg,/home/ubuntu/a0509_vla_linux_field_bundle_20260903/lhj/phase11_sim_condition_replication/real_dataset/lighting_low/episodes/episode_000001/images/primary/000044.jpg
lighting_low,episode_000001,46,45,lift,1.0,1.0,0.0,0.0008046739420204951,9.206081212032586,9.207937771920115,0.0018565598875284195,/home/ubuntu/a0509_vla_linux_field_bundle_20260903/lhj/phase11_sim_condition_replication/real_dataset/baseline/episodes/episode_000001/images/primary/000046.jpg,/home/ubuntu/a0509_vla_linux_field_bundle_20260903/lhj/phase11_sim_condition_replication/real_dataset/lighting_low/episodes/episode_000001/images/primary/000045.jpg
lighting_low,episode_000002,0,0,hold,0.0,0.0,0.0,2.0085540331564937e-06,0.010748162865638733,0.00990902609191835,-0.0008391367737203836,/home/ubuntu/a0509_vla_linux_field_bundle_20260903/lhj/phase11_sim_condition_replication/real_dataset/baseline/episodes/episode_000002/images/primary/000000.jpg,/home/ubuntu/a0509_vla_linux_field_bundle_20260903/lhj/phase11_sim_condition_replication/real_dataset/lighting_low/episodes/episode_000002/images/primary/000000.jpg
lighting_low,episode_000002,1,1,hold,1.0,1.0,0.0,2.0085540331564937e-06,0.20685662096366286,0.20777486404404044,0.0009182430803775787,/home/ubuntu/a0509_vla_linux_field_bundle_20260903/lhj/phase11_sim_condition_replication/real_dataset/baseline/episodes/episode_000002/images/primary/000001.jpg,/home/ubuntu/a0509_vla_linux_field_bundle_20260903/lhj/phase11_sim_condition_replication/real_dataset/lighting_low/episodes/episode_000002/images/primary/000001.jpg
lighting_low,episode_000002,2,2,alignment,0.0,0.0,0.0,0.0001839330875572867,0.4075704689603299,0.40673168911598623,-0.0008387798443436623,/home/ubuntu/a0509_vla_linux_field_bundle_20260903/lhj/phase11_sim_condition_replication/real_dataset/baseline/episodes/episode_000002/images/primary/000002.jpg,/home/ubuntu/a0509_vla_linux_field_bundle_20260903/lhj/phase11_sim_condition_replication/real_dataset/lighting_low/episodes/episode_000002/images/primary/000002.jpg
lighting_low,episode_000002,3,3,alignment,0.058823529411764705,0.058823529411764705,0.0,2.946184392333487e-05,0.6062069449108094,0.6068241850007325,0.0006172400899231434,/home/ubuntu/a0509_vla_linux_field_bundle_20260903/lhj/phase11_sim_condition_replication/real_dataset/baseline/episodes/episode_000002/images/primary/000003.jpg,/home/ubuntu/a0509_vla_linux_field_bundle_20260903/lhj/phase11_sim_condition_replication/real_dataset/lighting_low/episodes/episode_000002/images/primary/000003.jpg
lighting_low,episode_000002,4,4,alignment,0.11764705882352941,0.11764705882352941,0.0,0.00024792611088592684,0.808619098039344,0.8070714711211622,-0.001547626918181777,/home/ubuntu/a0509_vla_linux_field_bundle_20260903/lhj/phase11_sim_condition_replication/real_dataset/baseline/episodes/episode_000002/images/primary/000004.jpg,/home/ubuntu/a0509_vla_linux_field_bundle_20260903/lhj/phase11_sim_condition_replication/real_dataset/lighting_low/episodes/episode_000002/images/primary/000004.jpg
lighting_low,episode_000002,5,5,alignment,0.17647058823529413,0.17647058823529413,0.0,0.0008476058218440333,1.0068287700414658,1.0132433131802827,0.006414543138816953,/home/ubuntu/a0509_vla_linux_field_bundle_20260903/lhj/phase11_sim_condition_replication/real_dataset/baseline/episodes/episode_000002/images/primary/000005.jpg,/home/ubuntu/a0509_vla_linux_field_bundle_20260903/lhj/phase11_sim_condition_replication/real_dataset/lighting_low/episodes/episode_000002/images/primary/000005.jpg
lighting_low,episode_000002,6,6,alignment,0.23529411764705882,0.23529411764705882,0.0,0.0002897336708101996,1.2089580448810011,1.2068656152114272,-0.002092429669573903,/home/ubuntu/a0509_vla_linux_field_bundle_20260903/lhj/phase11_sim_condition_replication/real_dataset/baseline/episodes/episode_000002/images/primary/000006.jpg,/home/ubuntu/a0509_vla_linux_field_bundle_20260903/lhj/phase11_sim_condition_replication/real_dataset/lighting_low/episodes/episode_000002/images/primary/000006.jpg
lighting_low,episode_000002,7,7,alignment,0.29411764705882354,0.29411764705882354,0.0,3.2667022012788e-05,1.4071631289552897,1.4068495810497552,-0.00031354790553450584,/home/ubuntu/a0509_vla_linux_field_bundle_20260903/lhj/phase11_sim_condition_replication/real_dataset/baseline/episodes/episode_000002/images/primary/000007.jpg,/home/ubuntu/a0509_vla_linux_field_bundle_20260903/lhj/phase11_sim_condition_replication/real_dataset/lighting_low/episodes/episode_000002/images/primary/000007.jpg
lighting_low,episode_000002,8,8,alignment,0.35294117647058826,0.35294117647058826,0.0,0.0001636071486472922,1.605576687026769,1.6065932151395828,0.0010165281128138304,/home/ubuntu/a0509_vla_linux_field_bundle_20260903/lhj/phase11_sim_condition_replication/real_dataset/baseline/episodes/episode_000002/images/primary/000008.jpg,/home/ubuntu/a0509_vla_linux_field_bundle_20260903/lhj/phase11_sim_condition_replication/real_dataset/lighting_low/episodes/episode_000002/images/primary/000008.jpg
lighting_low,episode_000002,9,9,alignment,0.4117647058823529,0.4117647058823529,0.0,0.00017576102052419465,1.8057977240532637,1.806785625172779,0.0009879011195152998,/home/ubuntu/a0509_vla_linux_field_bundle_20260903/lhj/phase11_sim_condition_replication/real_dataset/baseline/episodes/episode_000002/images/primary/000009.jpg,/home/ubuntu/a0509_vla_linux_field_bundle_20260903/lhj/phase11_sim_condition_replication/real_dataset/lighting_low/episodes/episode_000002/images/primary/000009.jpg
lighting_low,episode_000002,10,10,alignment,0.47058823529411764,0.47058823529411764,0.0,7.918097891919959e-05,2.007869469933212,2.0068579399958253,-0.0010115299373865128,/home/ubuntu/a0509_vla_linux_field_bundle_20260903/lhj/phase11_sim_condition_replication/real_dataset/baseline/episodes/episode_000002/images/primary/000010.jpg,/home/ubuntu/a0509_vla_linux_field_bundle_20260903/lhj/phase11_sim_condition_replication/real_dataset/lighting_low/episodes/episode_000002/images/primary/000010.jpg
lighting_low,episode_000002,11,11,alignment,0.5294117647058824,0.5294117647058824,0.0,0.0001826233519913392,2.206066549057141,2.2068686380516738,0.0008020889945328236,/home/ubuntu/a0509_vla_linux_field_bundle_20260903/lhj/phase11_sim_condition_replication/real_dataset/baseline/episodes/episode_000002/images/primary/000011.jpg,/home/ubuntu/a0509_vla_linux_field_bundle_20260903/lhj/phase11_sim_condition_replication/real_dataset/lighting_low/episodes/episode_000002/images/primary/000011.jpg
lighting_low,episode_000002,12,12,alignment,0.5882352941176471,0.5882352941176471,0.0,0.00011387508552020588,2.4069789960049093,2.407155405031517,0.00017640902660787106,/home/ubuntu/a0509_vla_linux_field_bundle_20260903/lhj/phase11_sim_condition_replication/real_dataset/baseline/episodes/episode_000002/images/primary/000012.jpg,/home/ubuntu/a0509_vla_linux_field_bundle_20260903/lhj/phase11_sim_condition_replication/real_dataset/lighting_low/episodes/episode_000002/images/primary/000012.jpg
lighting_low,episode_000002,13,13,alignment,0.6470588235294118,0.6470588235294118,0.0,0.0002243339376014817,2.6078228938858956,2.608695289120078,0.000872395234182477,/home/ubuntu/a0509_vla_linux_field_bundle_20260903/lhj/phase11_sim_condition_replication/real_dataset/baseline/episodes/episode_000002/images/primary/000013.jpg,/home/ubuntu/a0509_vla_linux_field_bundle_20260903/lhj/phase11_sim_condition_replication/real_dataset/lighting_low/episodes/episode_000002/images/primary/000013.jpg
lighting_low,episode_000002,14,14,alignment,0.7058823529411765,0.7058823529411765,0.0,0.00019419956207238092,2.8055110319983214,2.806044425116852,0.0005333931185305119,/home/ubuntu/a0509_vla_linux_field_bundle_20260903/lhj/phase11_sim_condition_replication/real_dataset/baseline/episodes/episode_000002/images/primary/000014.jpg,/home/ubuntu/a0509_vla_linux_field_bundle_20260903/lhj/phase11_sim_condition_replication/real_dataset/lighting_low/episodes/episode_000002/images/primary/000014.jpg
lighting_low,episode_000002,15,15,alignment,0.7647058823529411,0.7647058823529411,0.0,0.0012086463469640524,3.0161829139105976,3.0062462161295116,-0.009936697781085968,/home/ubuntu/a0509_vla_linux_field_bundle_20260903/lhj/phase11_sim_condition_replication/real_dataset/baseline/episodes/episode_000002/images/primary/000015.jpg,/home/ubuntu/a0509_vla_linux_field_bundle_20260903/lhj/phase11_sim_condition_replication/real_dataset/lighting_low/episodes/episode_000002/images/primary/000015.jpg
lighting_low,episode_000002,16,16,alignment,0.8235294117647058,0.8235294117647058,0.0,0.00019497276050009984,3.2067668768577278,3.2070689641404897,0.0003020872827619314,/home/ubuntu/a0509_vla_linux_field_bundle_20260903/lhj/phase11_sim_condition_replication/real_dataset/baseline/episodes/episode_000002/images/primary/000016.jpg,/home/ubuntu/a0509_vla_linux_field_bundle_20260903/lhj/phase11_sim_condition_replication/real_dataset/lighting_low/episodes/episode_000002/images/primary/000016.jpg
lighting_low,episode_000002,17,17,alignment,0.8823529411764706,0.8823529411764706,0.0,9.083444835996808e-05,3.408906760858372,3.406981694046408,-0.0019250668119639158,/home/ubuntu/a0509_vla_linux_field_bundle_20260903/lhj/phase11_sim_condition_replication/real_dataset/baseline/episodes/episode_000002/images/primary/000017.jpg,/home/ubuntu/a0509_vla_linux_field_bundle_20260903/lhj/phase11_sim_condition_replication/real_dataset/lighting_low/episodes/episode_000002/images/primary/000017.jpg
lighting_low,episode_000002,18,18,alignment,0.9411764705882353,0.9411764705882353,0.0,0.00038344448398460124,3.611251571914181,3.6070490521378815,-0.004202519776299596,/home/ubuntu/a0509_vla_linux_field_bundle_20260903/lhj/phase11_sim_condition_replication/real_dataset/baseline/episodes/episode_000002/images/primary/000018.jpg,/home/ubuntu/a0509_vla_linux_field_bundle_20260903/lhj/phase11_sim_condition_replication/real_dataset/lighting_low/episodes/episode_000002/images/primary/000018.jpg
lighting_low,episode_000002,19,19,alignment,1.0,1.0,0.0,0.00011947509704714273,3.8070386429317296,3.806429390097037,-0.0006092528346925974,/home/ubuntu/a0509_vla_linux_field_bundle_20260903/lhj/phase11_sim_condition_replication/real_dataset/baseline/episodes/episode_000002/images/primary/000019.jpg,/home/ubuntu/a0509_vla_linux_field_bundle_20260903/lhj/phase11_sim_condition_replication/real_dataset/lighting_low/episodes/episode_000002/images/primary/000019.jpg
lighting_low,episode_000002,20,20,descent_to_grasp,0.0,0.0,0.0,3.7548965069914133e-05,4.007425867021084,4.006370204035193,-0.0010556629858911037,/home/ubuntu/a0509_vla_linux_field_bundle_20260903/lhj/phase11_sim_condition_replication/real_dataset/baseline/episodes/episode_000002/images/primary/000020.jpg,/home/ubuntu/a0509_vla_linux_field_bundle_20260903/lhj/phase11_sim_condition_replication/real_dataset/lighting_low/episodes/episode_000002/images/primary/000020.jpg
lighting_low,episode_000002,21,21,descent_to_grasp,0.125,0.125,0.0,2.0839400279217796e-05,4.207641263026744,4.206335991155356,-0.0013052718713879585,/home/ubuntu/a0509_vla_linux_field_bundle_20260903/lhj/phase11_sim_condition_replication/real_dataset/baseline/episodes/episode_000002/images/primary/000021.jpg,/home/ubuntu/a0509_vla_linux_field_bundle_20260903/lhj/phase11_sim_condition_replication/real_dataset/lighting_low/episodes/episode_000002/images/primary/000021.jpg
lighting_low,episode_000002,22,22,descent_to_grasp,0.25,0.25,0.0,0.0003459314260666045,4.412648255005479,4.405965919140726,-0.006682335864752531,/home/ubuntu/a0509_vla_linux_field_bundle_20260903/lhj/phase11_sim_condition_replication/real_dataset/baseline/episodes/episode_000002/images/primary/000022.jpg,/home/ubuntu/a0509_vla_linux_field_bundle_20260903/lhj/phase11_sim_condition_replication/real_dataset/lighting_low/episodes/episode_000002/images/primary/000022.jpg
lighting_low,episode_000002,23,23,descent_to_grasp,0.375,0.375,0.0,0.00020912361018386044,4.605588546954095,4.6070314010139555,0.0014428540598601103,/home/ubuntu/a0509_vla_linux_field_bundle_20260903/lhj/phase11_sim_condition_replication/real_dataset/baseline/episodes/episode_000002/images/primary/000023.jpg,/home/ubuntu/a0509_vla_linux_field_bundle_20260903/lhj/phase11_sim_condition_replication/real_dataset/lighting_low/episodes/episode_000002/images/primary/000023.jpg
lighting_low,episode_000002,24,24,descent_to_grasp,0.5,0.5,0.0,5.4775462141598396e-05,4.807207016041502,4.806384238181636,-0.0008227778598666191,/home/ubuntu/a0509_vla_linux_field_bundle_20260903/lhj/phase11_sim_condition_replication/real_dataset/baseline/episodes/episode_000002/images/primary/000024.jpg,/home/ubuntu/a0509_vla_linux_field_bundle_20260903/lhj/phase11_sim_condition_replication/real_dataset/lighting_low/episodes/episode_000002/images/primary/000024.jpg
lighting_low,episode_000002,25,25,descent_to_grasp,0.625,0.625,0.0,4.018928759920866e-05,5.008504183962941,5.006285569164902,-0.002218614798039198,/home/ubuntu/a0509_vla_linux_field_bundle_20260903/lhj/phase11_sim_condition_replication/real_dataset/baseline/episodes/episode_000002/images/primary/000025.jpg,/home/ubuntu/a0509_vla_linux_field_bundle_20260903/lhj/phase11_sim_condition_replication/real_dataset/lighting_low/episodes/episode_000002/images/primary/000025.jpg
lighting_low,episode_000002,26,26,descent_to_grasp,0.75,0.75,0.0,6.238692040513912e-05,5.20760643389076,5.206885413033888,-0.000721020856872201,/home/ubuntu/a0509_vla_linux_field_bundle_20260903/lhj/phase11_sim_condition_replication/real_dataset/baseline/episodes/episode_000002/images/primary/000026.jpg,/home/ubuntu/a0509_vla_linux_field_bundle_20260903/lhj/phase11_sim_condition_replication/real_dataset/lighting_low/episodes/episode_000002/images/primary/000026.jpg
lighting_low,episode_000002,27,27,descent_to_grasp,0.875,0.875,0.0,4.90637171902171e-05,5.408523174002767,5.407602127175778,-0.0009210468269884586,/home/ubuntu/a0509_vla_linux_field_bundle_20260903/lhj/phase11_sim_condition_replication/real_dataset/baseline/episodes/episode_000002/images/primary/000027.jpg,/home/ubuntu/a0509_vla_linux_field_bundle_20260903/lhj/phase11_sim_condition_replication/real_dataset/lighting_low/episodes/episode_000002/images/primary/000027.jpg
lighting_low,episode_000002,28,28,descent_to_grasp,1.0,1.0,0.0,0.00022771288220362206,5.606417082017288,5.608107897220179,0.0016908152028918266,/home/ubuntu/a0509_vla_linux_field_bundle_20260903/lhj/phase11_sim_condition_replication/real_dataset/baseline/episodes/episode_000002/images/primary/000028.jpg,/home/ubuntu/a0509_vla_linux_field_bundle_20260903/lhj/phase11_sim_condition_replication/real_dataset/lighting_low/episodes/episode_000002/images/primary/000028.jpg
lighting_low,episode_000002,29,29,grasp_close,0.0,0.0,0.0,0.0,5.806829740060493,5.806851952103898,2.2212043404579163e-05,/home/ubuntu/a0509_vla_linux_field_bundle_20260903/lhj/phase11_sim_condition_replication/real_dataset/baseline/episodes/episode_000002/images/primary/000029.jpg,/home/ubuntu/a0509_vla_linux_field_bundle_20260903/lhj/phase11_sim_condition_replication/real_dataset/lighting_low/episodes/episode_000002/images/primary/000029.jpg
lighting_low,episode_000002,30,30,grasp_close,0.1111111111111111,0.1111111111111111,0.0,0.0,6.008716550888494,6.006495542125776,-0.002221008762717247,/home/ubuntu/a0509_vla_linux_field_bundle_20260903/lhj/phase11_sim_condition_replication/real_dataset/baseline/episodes/episode_000002/images/primary/000030.jpg,/home/ubuntu/a0509_vla_linux_field_bundle_20260903/lhj/phase11_sim_condition_replication/real_dataset/lighting_low/episodes/episode_000002/images/primary/000030.jpg
lighting_low,episode_000002,31,31,grasp_close,0.2222222222222222,0.2222222222222222,0.0,0.0,6.206542590865865,6.20703968917951,0.0004970983136445284,/home/ubuntu/a0509_vla_linux_field_bundle_20260903/lhj/phase11_sim_condition_replication/real_dataset/baseline/episodes/episode_000002/images/primary/000031.jpg,/home/ubuntu/a0509_vla_linux_field_bundle_20260903/lhj/phase11_sim_condition_replication/real_dataset/lighting_low/episodes/episode_000002/images/primary/000031.jpg
lighting_low,episode_000002,32,32,grasp_close,0.3333333333333333,0.3333333333333333,0.0,0.0,6.40689897001721,6.4068088692147285,-9.010080248117447e-05,/home/ubuntu/a0509_vla_linux_field_bundle_20260903/lhj/phase11_sim_condition_replication/real_dataset/baseline/episodes/episode_000002/images/primary/000032.jpg,/home/ubuntu/a0509_vla_linux_field_bundle_20260903/lhj/phase11_sim_condition_replication/real_dataset/lighting_low/episodes/episode_000002/images/primary/000032.jpg
lighting_low,episode_000002,33,33,grasp_close,0.4444444444444444,0.4444444444444444,0.0,0.0,6.606206509983167,6.608247113181278,0.0020406031981110573,/home/ubuntu/a0509_vla_linux_field_bundle_20260903/lhj/phase11_sim_condition_replication/real_dataset/baseline/episodes/episode_000002/images/primary/000033.jpg,/home/ubuntu/a0509_vla_linux_field_bundle_20260903/lhj/phase11_sim_condition_replication/real_dataset/lighting_low/episodes/episode_000002/images/primary/000033.jpg
lighting_low,episode_000002,34,34,grasp_close,0.5555555555555556,0.5555555555555556,0.0,0.0,6.807834794046357,6.8094952560495585,0.0016604620032012463,/home/ubuntu/a0509_vla_linux_field_bundle_20260903/lhj/phase11_sim_condition_replication/real_dataset/baseline/episodes/episode_000002/images/primary/000034.jpg,/home/ubuntu/a0509_vla_linux_field_bundle_20260903/lhj/phase11_sim_condition_replication/real_dataset/lighting_low/episodes/episode_000002/images/primary/000034.jpg
lighting_low,episode_000002,35,35,grasp_close,0.6666666666666666,0.6666666666666666,0.0,0.0,7.0098077559378,7.006790924118832,-0.0030168318189680576,/home/ubuntu/a0509_vla_linux_field_bundle_20260903/lhj/phase11_sim_condition_replication/real_dataset/baseline/episodes/episode_000002/images/primary/000035.jpg,/home/ubuntu/a0509_vla_linux_field_bundle_20260903/lhj/phase11_sim_condition_replication/real_dataset/lighting_low/episodes/episode_000002/images/primary/000035.jpg
lighting_low,episode_000002,36,36,grasp_close,0.7777777777777778,0.7777777777777778,0.0,0.0,7.2071409788914025,7.206530831055716,-0.0006101478356868029,/home/ubuntu/a0509_vla_linux_field_bundle_20260903/lhj/phase11_sim_condition_replication/real_dataset/baseline/episodes/episode_000002/images/primary/000036.jpg,/home/ubuntu/a0509_vla_linux_field_bundle_20260903/lhj/phase11_sim_condition_replication/real_dataset/lighting_low/episodes/episode_000002/images/primary/000036.jpg
lighting_low,episode_000002,37,37,grasp_close,0.8888888888888888,0.8888888888888888,0.0,0.0,7.40772069292143,7.408318429021165,0.0005977360997349024,/home/ubuntu/a0509_vla_linux_field_bundle_20260903/lhj/phase11_sim_condition_replication/real_dataset/baseline/episodes/episode_000002/images/primary/000037.jpg,/home/ubuntu/a0509_vla_linux_field_bundle_20260903/lhj/phase11_sim_condition_replication/real_dataset/lighting_low/episodes/episode_000002/images/primary/000037.jpg
lighting_low,episode_000002,38,38,grasp_close,1.0,1.0,0.0,0.0,7.607802111888304,7.606582971056923,-0.0012191408313810825,/home/ubuntu/a0509_vla_linux_field_bundle_20260903/lhj/phase11_sim_condition_replication/real_dataset/baseline/episodes/episode_000002/images/primary/000038.jpg,/home/ubuntu/a0509_vla_linux_field_bundle_20260903/lhj/phase11_sim_condition_replication/real_dataset/lighting_low/episodes/episode_000002/images/primary/000038.jpg
lighting_low,episode_000002,39,39,lift,0.0,0.0,0.0,9.848481565888356e-05,7.808420154964551,7.806630571139976,-0.0017895838245749474,/home/ubuntu/a0509_vla_linux_field_bundle_20260903/lhj/phase11_sim_condition_replication/real_dataset/baseline/episodes/episode_000002/images/primary/000039.jpg,/home/ubuntu/a0509_vla_linux_field_bundle_20260903/lhj/phase11_sim_condition_replication/real_dataset/lighting_low/episodes/episode_000002/images/primary/000039.jpg
lighting_low,episode_000002,40,40,lift,0.14285714285714285,0.16666666666666666,0.023809523809523808,0.012715862856183868,8.010854789987206,8.206695077009499,0.19584028702229261,/home/ubuntu/a0509_vla_linux_field_bundle_20260903/lhj/phase11_sim_condition_replication/real_dataset/baseline/episodes/episode_000002/images/primary/000040.jpg,/home/ubuntu/a0509_vla_linux_field_bundle_20260903/lhj/phase11_sim_condition_replication/real_dataset/lighting_low/episodes/episode_000002/images/primary/000040.jpg
lighting_low,episode_000002,41,41,lift,0.2857142857142857,0.3333333333333333,0.047619047619047616,0.01288421704405196,8.2081122410018,8.406821627169847,0.19870938616804779,/home/ubuntu/a0509_vla_linux_field_bundle_20260903/lhj/phase11_sim_condition_replication/real_dataset/baseline/episodes/episode_000002/images/primary/000041.jpg,/home/ubuntu/a0509_vla_linux_field_bundle_20260903/lhj/phase11_sim_condition_replication/real_dataset/lighting_low/episodes/episode_000002/images/primary/000041.jpg
lighting_low,episode_000002,42,42,lift,0.42857142857142855,0.5,0.07142857142857145,0.01299307603642652,8.40822334587574,8.608874483034015,0.20065113715827465,/home/ubuntu/a0509_vla_linux_field_bundle_20260903/lhj/phase11_sim_condition_replication/real_dataset/baseline/episodes/episode_000002/images/primary/000042.jpg,/home/ubuntu/a0509_vla_linux_field_bundle_20260903/lhj/phase11_sim_condition_replication/real_dataset/lighting_low/episodes/episode_000002/images/primary/000042.jpg
lighting_low,episode_000002,43,42,lift,0.5714285714285714,0.5,0.0714285714285714,0.00025507035243621523,8.607261358061805,8.608874483034015,0.0016131249722093344,/home/ubuntu/a0509_vla_linux_field_bundle_20260903/lhj/phase11_sim_condition_replication/real_dataset/baseline/episodes/episode_000002/images/primary/000043.jpg,/home/ubuntu/a0509_vla_linux_field_bundle_20260903/lhj/phase11_sim_condition_replication/real_dataset/lighting_low/episodes/episode_000002/images/primary/000042.jpg
lighting_low,episode_000002,44,43,lift,0.7142857142857143,0.6666666666666666,0.04761904761904767,0.0001591806656380812,8.806994170881808,8.807345473207533,0.0003513023257255554,/home/ubuntu/a0509_vla_linux_field_bundle_20260903/lhj/phase11_sim_condition_replication/real_dataset/baseline/episodes/episode_000002/images/primary/000044.jpg,/home/ubuntu/a0509_vla_linux_field_bundle_20260903/lhj/phase11_sim_condition_replication/real_dataset/lighting_low/episodes/episode_000002/images/primary/000043.jpg
lighting_low,episode_000002,45,44,lift,0.8571428571428571,0.8333333333333334,0.023809523809523725,0.0001003915762671781,9.010220275959,9.009894331218675,-0.0003259447403252125,/home/ubuntu/a0509_vla_linux_field_bundle_20260903/lhj/phase11_sim_condition_replication/real_dataset/baseline/episodes/episode_000002/images/primary/000045.jpg,/home/ubuntu/a0509_vla_linux_field_bundle_20260903/lhj/phase11_sim_condition_replication/real_dataset/lighting_low/episodes/episode_000002/images/primary/000044.jpg
lighting_low,episode_000002,46,45,lift,1.0,1.0,0.0,9.716683857685648e-05,9.207315096864477,9.207173848059028,-0.0001412488054484129,/home/ubuntu/a0509_vla_linux_field_bundle_20260903/lhj/phase11_sim_condition_replication/real_dataset/baseline/episodes/episode_000002/images/primary/000046.jpg,/home/ubuntu/a0509_vla_linux_field_bundle_20260903/lhj/phase11_sim_condition_replication/real_dataset/lighting_low/episodes/episode_000002/images/primary/000045.jpg
lighting_low,episode_000003,0,0,hold,0.0,0.0,0.0,1.5138080102456153e-06,0.009423580020666122,0.008353556971997023,-0.0010700230486690998,/home/ubuntu/a0509_vla_linux_field_bundle_20260903/lhj/phase11_sim_condition_replication/real_dataset/baseline/episodes/episode_000003/images/primary/000000.jpg,/home/ubuntu/a0509_vla_linux_field_bundle_20260903/lhj/phase11_sim_condition_replication/real_dataset/lighting_low/episodes/episode_000003/images/primary/000000.jpg
lighting_low,episode_000003,1,1,hold,1.0,1.0,0.0,1.5138080102456153e-06,0.20912956399843097,0.20952630997635424,0.00039674597792327404,/home/ubuntu/a0509_vla_linux_field_bundle_20260903/lhj/phase11_sim_condition_replication/real_dataset/baseline/episodes/episode_000003/images/primary/000001.jpg,/home/ubuntu/a0509_vla_linux_field_bundle_20260903/lhj/phase11_sim_condition_replication/real_dataset/lighting_low/episodes/episode_000003/images/primary/000001.jpg
lighting_low,episode_000003,2,2,alignment,0.0,0.0,0.0,0.00037569470078750977,0.40920318895950913,0.4058925621211529,-0.0033106268383562565,/home/ubuntu/a0509_vla_linux_field_bundle_20260903/lhj/phase11_sim_condition_replication/real_dataset/baseline/episodes/episode_000003/images/primary/000002.jpg,/home/ubuntu/a0509_vla_linux_field_bundle_20260903/lhj/phase11_sim_condition_replication/real_dataset/lighting_low/episodes/episode_000003/images/primary/000002.jpg
lighting_low,episode_000003,3,3,alignment,0.06666666666666667,0.06666666666666667,0.0,9.222521309074907e-05,0.6087354028131813,0.6079155690968037,-0.0008198337163776159,/home/ubuntu/a0509_vla_linux_field_bundle_20260903/lhj/phase11_sim_condition_replication/real_dataset/baseline/episodes/episode_000003/images/primary/000003.jpg,/home/ubuntu/a0509_vla_linux_field_bundle_20260903/lhj/phase11_sim_condition_replication/real_dataset/lighting_low/episodes/episode_000003/images/primary/000003.jpg
lighting_low,episode_000003,4,4,alignment,0.13333333333333333,0.13333333333333333,0.0,1.6091055000814584e-05,0.8057060840073973,0.8059695849660784,0.00026350095868110657,/home/ubuntu/a0509_vla_linux_field_bundle_20260903/lhj/phase11_sim_condition_replication/real_dataset/baseline/episodes/episode_000003/images/primary/000004.jpg,/home/ubuntu/a0509_vla_linux_field_bundle_20260903/lhj/phase11_sim_condition_replication/real_dataset/lighting_low/episodes/episode_000003/images/primary/000004.jpg
lighting_low,episode_000003,5,5,alignment,0.2,0.2,0.0,0.00010455768920974648,1.005664066877216,1.00517905713059,-0.0004850097466260195,/home/ubuntu/a0509_vla_linux_field_bundle_20260903/lhj/phase11_sim_condition_replication/real_dataset/baseline/episodes/episode_000003/images/primary/000005.jpg,/home/ubuntu/a0509_vla_linux_field_bundle_20260903/lhj/phase11_sim_condition_replication/real_dataset/lighting_low/episodes/episode_000003/images/primary/000005.jpg
lighting_low,episode_000003,6,6,alignment,0.26666666666666666,0.26666666666666666,0.0,1.0270420904268946e-05,1.205521090887487,1.2061747610569,0.0006536701694130898,/home/ubuntu/a0509_vla_linux_field_bundle_20260903/lhj/phase11_sim_condition_replication/real_dataset/baseline/episodes/episode_000003/images/primary/000006.jpg,/home/ubuntu/a0509_vla_linux_field_bundle_20260903/lhj/phase11_sim_condition_replication/real_dataset/lighting_low/episodes/episode_000003/images/primary/000006.jpg
lighting_low,episode_000003,7,7,alignment,0.3333333333333333,0.3333333333333333,0.0,5.906885034065473e-05,1.4060329739004374,1.4072972449939698,0.001264271093532443,/home/ubuntu/a0509_vla_linux_field_bundle_20260903/lhj/phase11_sim_condition_replication/real_dataset/baseline/episodes/episode_000003/images/primary/000007.jpg,/home/ubuntu/a0509_vla_linux_field_bundle_20260903/lhj/phase11_sim_condition_replication/real_dataset/lighting_low/episodes/episode_000003/images/primary/000007.jpg
lighting_low,episode_000003,8,8,alignment,0.4,0.4,0.0,6.672211757102724e-05,1.6058726999908686,1.6063468749634922,0.00047417497262358665,/home/ubuntu/a0509_vla_linux_field_bundle_20260903/lhj/phase11_sim_condition_replication/real_dataset/baseline/episodes/episode_000003/images/primary/000008.jpg,/home/ubuntu/a0509_vla_linux_field_bundle_20260903/lhj/phase11_sim_condition_replication/real_dataset/lighting_low/episodes/episode_000003/images/primary/000008.jpg
lighting_low,episode_000003,9,9,alignment,0.4666666666666667,0.4666666666666667,0.0,1.4381411830399669e-05,1.809054268989712,1.8101701871491969,0.0011159181594848633,/home/ubuntu/a0509_vla_linux_field_bundle_20260903/lhj/phase11_sim_condition_replication/real_dataset/baseline/episodes/episode_000003/images/primary/000009.jpg,/home/ubuntu/a0509_vla_linux_field_bundle_20260903/lhj/phase11_sim_condition_replication/real_dataset/lighting_low/episodes/episode_000003/images/primary/000009.jpg
lighting_low,episode_000003,10,10,alignment,0.5333333333333333,0.5333333333333333,0.0,0.0003116802062641503,2.006263092858717,2.010208589024842,0.00394549616612494,/home/ubuntu/a0509_vla_linux_field_bundle_20260903/lhj/phase11_sim_condition_replication/real_dataset/baseline/episodes/episode_000003/images/primary/000010.jpg,/home/ubuntu/a0509_vla_linux_field_bundle_20260903/lhj/phase11_sim_condition_replication/real_dataset/lighting_low/episodes/episode_000003/images/primary/000010.jpg
lighting_low,episode_000003,11,11,alignment,0.6,0.6,0.0,0.0006909827590572432,2.209464320912957,2.2055929671041667,-0.0038713538087904453,/home/ubuntu/a0509_vla_linux_field_bundle_20260903/lhj/phase11_sim_condition_replication/real_dataset/baseline/episodes/episode_000003/images/primary/000011.jpg,/home/ubuntu/a0509_vla_linux_field_bundle_20260903/lhj/phase11_sim_condition_replication/real_dataset/lighting_low/episodes/episode_000003/images/primary/000011.jpg
lighting_low,episode_000003,12,12,alignment,0.6666666666666666,0.6666666666666666,0.0,0.0004287691310407353,2.408597848843783,2.4070463941898197,-0.0015514546539634466,/home/ubuntu/a0509_vla_linux_field_bundle_20260903/lhj/phase11_sim_condition_replication/real_dataset/baseline/episodes/episode_000003/images/primary/000012.jpg,/home/ubuntu/a0509_vla_linux_field_bundle_20260903/lhj/phase11_sim_condition_replication/real_dataset/lighting_low/episodes/episode_000003/images/primary/000012.jpg
lighting_low,episode_000003,13,13,alignment,0.7333333333333333,0.7333333333333333,0.0,0.0008374943712600915,2.611513383919373,2.606906680157408,-0.004606703761965036,/home/ubuntu/a0509_vla_linux_field_bundle_20260903/lhj/phase11_sim_condition_replication/real_dataset/baseline/episodes/episode_000003/images/primary/000013.jpg,/home/ubuntu/a0509_vla_linux_field_bundle_20260903/lhj/phase11_sim_condition_replication/real_dataset/lighting_low/episodes/episode_000003/images/primary/000013.jpg
lighting_low,episode_000003,14,14,alignment,0.8,0.8,0.0,0.0008753055745557746,2.809982994804159,2.805290003074333,-0.004692991729825735,/home/ubuntu/a0509_vla_linux_field_bundle_20260903/lhj/phase11_sim_condition_replication/real_dataset/baseline/episodes/episode_000003/images/primary/000014.jpg,/home/ubuntu/a0509_vla_linux_field_bundle_20260903/lhj/phase11_sim_condition_replication/real_dataset/lighting_low/episodes/episode_000003/images/primary/000014.jpg
lighting_low,episode_000003,15,15,alignment,0.8666666666666667,0.8666666666666667,0.0,0.0004385605211388761,3.0062740929424763,3.0052972070407122,-0.0009768859017640352,/home/ubuntu/a0509_vla_linux_field_bundle_20260903/lhj/phase11_sim_condition_replication/real_dataset/baseline/episodes/episode_000003/images/primary/000015.jpg,/home/ubuntu/a0509_vla_linux_field_bundle_20260903/lhj/phase11_sim_condition_replication/real_dataset/lighting_low/episodes/episode_000003/images/primary/000015.jpg
lighting_low,episode_000003,16,16,alignment,0.9333333333333333,0.9333333333333333,0.0,0.00048674131558193326,3.206659847870469,3.205515629146248,-0.0011442187242209911,/home/ubuntu/a0509_vla_linux_field_bundle_20260903/lhj/phase11_sim_condition_replication/real_dataset/baseline/episodes/episode_000003/images/primary/000016.jpg,/home/ubuntu/a0509_vla_linux_field_bundle_20260903/lhj/phase11_sim_condition_replication/real_dataset/lighting_low/episodes/episode_000003/images/primary/000016.jpg
lighting_low,episode_000003,17,17,alignment,1.0,1.0,0.0,0.0006042841750931408,3.4078508988022804,3.405984114157036,-0.0018667846452444792,/home/ubuntu/a0509_vla_linux_field_bundle_20260903/lhj/phase11_sim_condition_replication/real_dataset/baseline/episodes/episode_000003/images/primary/000017.jpg,/home/ubuntu/a0509_vla_linux_field_bundle_20260903/lhj/phase11_sim_condition_replication/real_dataset/lighting_low/episodes/episode_000003/images/primary/000017.jpg
lighting_low,episode_000003,18,18,descent_to_grasp,0.0,0.0,0.0,8.67755165229428e-06,3.605746430810541,3.608639266109094,0.002892835298553109,/home/ubuntu/a0509_vla_linux_field_bundle_20260903/lhj/phase11_sim_condition_replication/real_dataset/baseline/episodes/episode_000003/images/primary/000018.jpg,/home/ubuntu/a0509_vla_linux_field_bundle_20260903/lhj/phase11_sim_condition_replication/real_dataset/lighting_low/episodes/episode_000003/images/primary/000018.jpg
lighting_low,episode_000003,19,19,descent_to_grasp,0.14285714285714285,0.14285714285714285,0.0,0.0003285276512398141,3.8071788598317653,3.8053246571216732,-0.0018542027100920677,/home/ubuntu/a0509_vla_linux_field_bundle_20260903/lhj/phase11_sim_condition_replication/real_dataset/baseline/episodes/episode_000003/images/primary/000019.jpg,/home/ubuntu/a0509_vla_linux_field_bundle_20260903/lhj/phase11_sim_condition_replication/real_dataset/lighting_low/episodes/episode_000003/images/primary/000019.jpg
lighting_low,episode_000003,20,20,descent_to_grasp,0.2857142857142857,0.2857142857142857,0.0,2.725789282113719e-05,4.006364258006215,4.008854481158778,0.002490223152562976,/home/ubuntu/a0509_vla_linux_field_bundle_20260903/lhj/phase11_sim_condition_replication/real_dataset/baseline/episodes/episode_000003/images/primary/000020.jpg,/home/ubuntu/a0509_vla_linux_field_bundle_20260903/lhj/phase11_sim_condition_replication/real_dataset/lighting_low/episodes/episode_000003/images/primary/000020.jpg
lighting_low,episode_000003,21,21,descent_to_grasp,0.42857142857142855,0.42857142857142855,0.0,0.00024002358590185393,4.2057825059164315,4.205093638971448,-0.0006888669449836016,/home/ubuntu/a0509_vla_linux_field_bundle_20260903/lhj/phase11_sim_condition_replication/real_dataset/baseline/episodes/episode_000003/images/primary/000021.jpg,/home/ubuntu/a0509_vla_linux_field_bundle_20260903/lhj/phase11_sim_condition_replication/real_dataset/lighting_low/episodes/episode_000003/images/primary/000021.jpg
lighting_low,episode_000003,22,22,descent_to_grasp,0.5714285714285714,0.5714285714285714,0.0,0.0005998250560368924,4.411305564921349,4.405283596133813,-0.006021968787536025,/home/ubuntu/a0509_vla_linux_field_bundle_20260903/lhj/phase11_sim_condition_replication/real_dataset/baseline/episodes/episode_000003/images/primary/000022.jpg,/home/ubuntu/a0509_vla_linux_field_bundle_20260903/lhj/phase11_sim_condition_replication/real_dataset/lighting_low/episodes/episode_000003/images/primary/000022.jpg
lighting_low,episode_000003,23,23,descent_to_grasp,0.7142857142857143,0.7142857142857143,0.0,0.0006225649122581916,4.612312950892374,4.6058925981633365,-0.006420352729037404,/home/ubuntu/a0509_vla_linux_field_bundle_20260903/lhj/phase11_sim_condition_replication/real_dataset/baseline/episodes/episode_000003/images/primary/000023.jpg,/home/ubuntu/a0509_vla_linux_field_bundle_20260903/lhj/phase11_sim_condition_replication/real_dataset/lighting_low/episodes/episode_000003/images/primary/000023.jpg
lighting_low,episode_000003,24,24,descent_to_grasp,0.8571428571428571,0.8571428571428571,0.0,0.00014966678292697844,4.805717646842822,4.806155564030632,0.00043791718780994415,/home/ubuntu/a0509_vla_linux_field_bundle_20260903/lhj/phase11_sim_condition_replication/real_dataset/baseline/episodes/episode_000003/images/primary/000024.jpg,/home/ubuntu/a0509_vla_linux_field_bundle_20260903/lhj/phase11_sim_condition_replication/real_dataset/lighting_low/episodes/episode_000003/images/primary/000024.jpg
lighting_low,episode_000003,25,25,descent_to_grasp,1.0,1.0,0.0,1.5676600185813257e-05,5.0075702329631895,5.010362283093855,0.0027920501306653023,/home/ubuntu/a0509_vla_linux_field_bundle_20260903/lhj/phase11_sim_condition_replication/real_dataset/baseline/episodes/episode_000003/images/primary/000025.jpg,/home/ubuntu/a0509_vla_linux_field_bundle_20260903/lhj/phase11_sim_condition_replication/real_dataset/lighting_low/episodes/episode_000003/images/primary/000025.jpg
lighting_low,episode_000003,26,26,grasp_close,0.0,0.0,0.0,0.0,5.208204024005681,5.210743339033797,0.002539315028116107,/home/ubuntu/a0509_vla_linux_field_bundle_20260903/lhj/phase11_sim_condition_replication/real_dataset/baseline/episodes/episode_000003/images/primary/000026.jpg,/home/ubuntu/a0509_vla_linux_field_bundle_20260903/lhj/phase11_sim_condition_replication/real_dataset/lighting_low/episodes/episode_000003/images/primary/000026.jpg
lighting_low,episode_000003,27,27,grasp_close,0.1111111111111111,0.1111111111111111,0.0,0.0,5.408858294831589,5.406300286063924,-0.0025580087676644325,/home/ubuntu/a0509_vla_linux_field_bundle_20260903/lhj/phase11_sim_condition_replication/real_dataset/baseline/episodes/episode_000003/images/primary/000027.jpg,/home/ubuntu/a0509_vla_linux_field_bundle_20260903/lhj/phase11_sim_condition_replication/real_dataset/lighting_low/episodes/episode_000003/images/primary/000027.jpg
lighting_low,episode_000003,28,28,grasp_close,0.2222222222222222,0.2222222222222222,0.0,0.0,5.6095838798210025,5.607575396075845,-0.0020084837451577187,/home/ubuntu/a0509_vla_linux_field_bundle_20260903/lhj/phase11_sim_condition_replication/real_dataset/baseline/episodes/episode_000003/images/primary/000028.jpg,/home/ubuntu/a0509_vla_linux_field_bundle_20260903/lhj/phase11_sim_condition_replication/real_dataset/lighting_low/episodes/episode_000003/images/primary/000028.jpg
lighting_low,episode_000003,29,29,grasp_close,0.3333333333333333,0.3333333333333333,0.0,0.0,5.807591572869569,5.8052333439700305,-0.002358228899538517,/home/ubuntu/a0509_vla_linux_field_bundle_20260903/lhj/phase11_sim_condition_replication/real_dataset/baseline/episodes/episode_000003/images/primary/000029.jpg,/home/ubuntu/a0509_vla_linux_field_bundle_20260903/lhj/phase11_sim_condition_replication/real_dataset/lighting_low/episodes/episode_000003/images/primary/000029.jpg
lighting_low,episode_000003,30,30,grasp_close,0.4444444444444444,0.4444444444444444,0.0,0.0,6.007588000968099,6.005368250189349,-0.002219750778749585,/home/ubuntu/a0509_vla_linux_field_bundle_20260903/lhj/phase11_sim_condition_replication/real_dataset/baseline/episodes/episode_000003/images/primary/000030.jpg,/home/ubuntu/a0509_vla_linux_field_bundle_20260903/lhj/phase11_sim_condition_replication/real_dataset/lighting_low/episodes/episode_000003/images/primary/000030.jpg
lighting_low,episode_000003,31,31,grasp_close,0.5555555555555556,0.5555555555555556,0.0,0.0,6.2093358968850225,6.210730948019773,0.001395051134750247,/home/ubuntu/a0509_vla_linux_field_bundle_20260903/lhj/phase11_sim_condition_replication/real_dataset/baseline/episodes/episode_000003/images/primary/000031.jpg,/home/ubuntu/a0509_vla_linux_field_bundle_20260903/lhj/phase11_sim_condition_replication/real_dataset/lighting_low/episodes/episode_000003/images/primary/000031.jpg
lighting_low,episode_000003,32,32,grasp_close,0.6666666666666666,0.6666666666666666,0.0,0.0,6.405770653858781,6.405269594164565,-0.0005010596942156553,/home/ubuntu/a0509_vla_linux_field_bundle_20260903/lhj/phase11_sim_condition_replication/real_dataset/baseline/episodes/episode_000003/images/primary/000032.jpg,/home/ubuntu/a0509_vla_linux_field_bundle_20260903/lhj/phase11_sim_condition_replication/real_dataset/lighting_low/episodes/episode_000003/images/primary/000032.jpg
lighting_low,episode_000003,33,33,grasp_close,0.7777777777777778,0.7777777777777778,0.0,0.0,6.60807411884889,6.605511961039156,-0.0025621578097343445,/home/ubuntu/a0509_vla_linux_field_bundle_20260903/lhj/phase11_sim_condition_replication/real_dataset/baseline/episodes/episode_000003/images/primary/000033.jpg,/home/ubuntu/a0509_vla_linux_field_bundle_20260903/lhj/phase11_sim_condition_replication/real_dataset/lighting_low/episodes/episode_000003/images/primary/000033.jpg
lighting_low,episode_000003,34,34,grasp_close,0.8888888888888888,0.8888888888888888,0.0,0.0,6.80959482700564,6.8060022671706975,-0.0035925598349422216,/home/ubuntu/a0509_vla_linux_field_bundle_20260903/lhj/phase11_sim_condition_replication/real_dataset/baseline/episodes/episode_000003/images/primary/000034.jpg,/home/ubuntu/a0509_vla_linux_field_bundle_20260903/lhj/phase11_sim_condition_replication/real_dataset/lighting_low/episodes/episode_000003/images/primary/000034.jpg
lighting_low,episode_000003,35,35,grasp_close,1.0,1.0,0.0,0.0,7.009832894895226,7.005770693067461,-0.004062201827764511,/home/ubuntu/a0509_vla_linux_field_bundle_20260903/lhj/phase11_sim_condition_replication/real_dataset/baseline/episodes/episode_000003/images/primary/000035.jpg,/home/ubuntu/a0509_vla_linux_field_bundle_20260903/lhj/phase11_sim_condition_replication/real_dataset/lighting_low/episodes/episode_000003/images/primary/000035.jpg
lighting_low,episode_000003,36,36,lift,0.0,0.0,0.0,0.000534680848156277,7.20824107597582,7.205977176083252,-0.0022638998925685883,/home/ubuntu/a0509_vla_linux_field_bundle_20260903/lhj/phase11_sim_condition_replication/real_dataset/baseline/episodes/episode_000003/images/primary/000036.jpg,/home/ubuntu/a0509_vla_linux_field_bundle_20260903/lhj/phase11_sim_condition_replication/real_dataset/lighting_low/episodes/episode_000003/images/primary/000036.jpg
lighting_low,episode_000003,37,37,lift,0.14285714285714285,0.125,0.01785714285714285,0.0011341272509716727,7.407525270944461,7.407298204023391,-0.00022706692107021809,/home/ubuntu/a0509_vla_linux_field_bundle_20260903/lhj/phase11_sim_condition_replication/real_dataset/baseline/episodes/episode_000003/images/primary/000037.jpg,/home/ubuntu/a0509_vla_linux_field_bundle_20260903/lhj/phase11_sim_condition_replication/real_dataset/lighting_low/episodes/episode_000003/images/primary/000037.jpg
lighting_low,episode_000003,38,38,lift,0.2857142857142857,0.25,0.0357142857142857,0.001882616338820975,7.606305341934785,7.60575248603709,-0.0005528558976948261,/home/ubuntu/a0509_vla_linux_field_bundle_20260903/lhj/phase11_sim_condition_replication/real_dataset/baseline/episodes/episode_000003/images/primary/000038.jpg,/home/ubuntu/a0509_vla_linux_field_bundle_20260903/lhj/phase11_sim_condition_replication/real_dataset/lighting_low/episodes/episode_000003/images/primary/000038.jpg
lighting_low,episode_000003,39,39,lift,0.42857142857142855,0.375,0.05357142857142855,0.0026248953235564754,7.806910220999271,7.806233413051814,-0.0006768079474568367,/home/ubuntu/a0509_vla_linux_field_bundle_20260903/lhj/phase11_sim_condition_replication/real_dataset/baseline/episodes/episode_000003/images/primary/000039.jpg,/home/ubuntu/a0509_vla_linux_field_bundle_20260903/lhj/phase11_sim_condition_replication/real_dataset/lighting_low/episodes/episode_000003/images/primary/000039.jpg
lighting_low,episode_000003,40,41,lift,0.5714285714285714,0.625,0.0535714285714286,0.00931131314467426,8.007742518791929,8.20547583210282,0.1977333133108914,/home/ubuntu/a0509_vla_linux_field_bundle_20260903/lhj/phase11_sim_condition_replication/real_dataset/baseline/episodes/episode_000003/images/primary/000040.jpg,/home/ubuntu/a0509_vla_linux_field_bundle_20260903/lhj/phase11_sim_condition_replication/real_dataset/lighting_low/episodes/episode_000003/images/primary/000041.jpg
lighting_low,episode_000003,41,42,lift,0.7142857142857143,0.75,0.0357142857142857,0.00880179480142429,8.206083945930004,8.407208155142143,0.20112420921213925,/home/ubuntu/a0509_vla_linux_field_bundle_20260903/lhj/phase11_sim_condition_replication/real_dataset/baseline/episodes/episode_000003/images/primary/000041.jpg,/home/ubuntu/a0509_vla_linux_field_bundle_20260903/lhj/phase11_sim_condition_replication/real_dataset/lighting_low/episodes/episode_000003/images/primary/000042.jpg
lighting_low,episode_000003,42,43,lift,0.8571428571428571,0.875,0.017857142857142905,0.008209935355993958,8.405885156011209,8.609194630989805,0.20330947497859597,/home/ubuntu/a0509_vla_linux_field_bundle_20260903/lhj/phase11_sim_condition_replication/real_dataset/baseline/episodes/episode_000003/images/primary/000042.jpg,/home/ubuntu/a0509_vla_linux_field_bundle_20260903/lhj/phase11_sim_condition_replication/real_dataset/lighting_low/episodes/episode_000003/images/primary/000043.jpg
lighting_low,episode_000003,43,44,lift,1.0,1.0,0.0,0.007224526378461549,8.606000524014235,8.805351034039631,0.19935051002539694,/home/ubuntu/a0509_vla_linux_field_bundle_20260903/lhj/phase11_sim_condition_replication/real_dataset/baseline/episodes/episode_000003/images/primary/000043.jpg,/home/ubuntu/a0509_vla_linux_field_bundle_20260903/lhj/phase11_sim_condition_replication/real_dataset/lighting_low/episodes/episode_000003/images/primary/000044.jpg
lighting_low,episode_000004,0,0,hold,0.0,0.0,0.0,2.077354857230595e-06,0.008508765138685703,0.010742112062871456,0.002233346924185753,/home/ubuntu/a0509_vla_linux_field_bundle_20260903/lhj/phase11_sim_condition_replication/real_dataset/baseline/episodes/episode_000004/images/primary/000000.jpg,/home/ubuntu/a0509_vla_linux_field_bundle_20260903/lhj/phase11_sim_condition_replication/real_dataset/lighting_low/episodes/episode_000004/images/primary/000000.jpg
lighting_low,episode_000004,1,1,hold,1.0,1.0,0.0,2.077354857230595e-06,0.20653516217134893,0.22080804989673197,0.014272887725383043,/home/ubuntu/a0509_vla_linux_field_bundle_20260903/lhj/phase11_sim_condition_replication/real_dataset/baseline/episodes/episode_000004/images/primary/000001.jpg,/home/ubuntu/a0509_vla_linux_field_bundle_20260903/lhj/phase11_sim_condition_replication/real_dataset/lighting_low/episodes/episode_000004/images/primary/000001.jpg
lighting_low,episode_000004,2,2,alignment,0.0,0.0,0.0,0.0007009289621824147,0.40573329804465175,0.4133169869892299,0.007583688944578171,/home/ubuntu/a0509_vla_linux_field_bundle_20260903/lhj/phase11_sim_condition_replication/real_dataset/baseline/episodes/episode_000004/images/primary/000002.jpg,/home/ubuntu/a0509_vla_linux_field_bundle_20260903/lhj/phase11_sim_condition_replication/real_dataset/lighting_low/episodes/episode_000004/images/primary/000002.jpg
lighting_low,episode_000004,3,3,alignment,0.0625,0.0625,0.0,0.0007350678760178305,0.6060179800260812,0.6141653798986226,0.008147399872541428,/home/ubuntu/a0509_vla_linux_field_bundle_20260903/lhj/phase11_sim_condition_replication/real_dataset/baseline/episodes/episode_000004/images/primary/000003.jpg,/home/ubuntu/a0509_vla_linux_field_bundle_20260903/lhj/phase11_sim_condition_replication/real_dataset/lighting_low/episodes/episode_000004/images/primary/000003.jpg
lighting_low,episode_000004,4,4,alignment,0.125,0.125,0.0,0.00023572897996515887,0.8085884579923004,0.8130860610399395,0.0044976030476391315,/home/ubuntu/a0509_vla_linux_field_bundle_20260903/lhj/phase11_sim_condition_replication/real_dataset/baseline/episodes/episode_000004/images/primary/000004.jpg,/home/ubuntu/a0509_vla_linux_field_bundle_20260903/lhj/phase11_sim_condition_replication/real_dataset/lighting_low/episodes/episode_000004/images/primary/000004.jpg
lighting_low,episode_000004,5,5,alignment,0.1875,0.1875,0.0,0.0004607548614693342,1.0086760981939733,1.0079620028845966,-0.0007140953093767166,/home/ubuntu/a0509_vla_linux_field_bundle_20260903/lhj/phase11_sim_condition_replication/real_dataset/baseline/episodes/episode_000004/images/primary/000005.jpg,/home/ubuntu/a0509_vla_linux_field_bundle_20260903/lhj/phase11_sim_condition_replication/real_dataset/lighting_low/episodes/episode_000004/images/primary/000005.jpg
lighting_low,episode_000004,6,6,alignment,0.25,0.25,0.0,0.0005236946957156535,1.208393830107525,1.2074752559419721,-0.0009185741655528545,/home/ubuntu/a0509_vla_linux_field_bundle_20260903/lhj/phase11_sim_condition_replication/real_dataset/baseline/episodes/episode_000004/images/primary/000006.jpg,/home/ubuntu/a0509_vla_linux_field_bundle_20260903/lhj/phase11_sim_condition_replication/real_dataset/lighting_low/episodes/episode_000004/images/primary/000006.jpg
lighting_low,episode_000004,7,7,alignment,0.3125,0.3125,0.0,2.2223843179785504e-05,1.4054060941562057,1.408740608021617,0.0033345138654112816,/home/ubuntu/a0509_vla_linux_field_bundle_20260903/lhj/phase11_sim_condition_replication/real_dataset/baseline/episodes/episode_000004/images/primary/000007.jpg,/home/ubuntu/a0509_vla_linux_field_bundle_20260903/lhj/phase11_sim_condition_replication/real_dataset/lighting_low/episodes/episode_000004/images/primary/000007.jpg
lighting_low,episode_000004,8,8,alignment,0.375,0.375,0.0,0.0001645143042161192,1.607698149047792,1.6128053108695894,0.00510716182179749,/home/ubuntu/a0509_vla_linux_field_bundle_20260903/lhj/phase11_sim_condition_replication/real_dataset/baseline/episodes/episode_000004/images/primary/000008.jpg,/home/ubuntu/a0509_vla_linux_field_bundle_20260903/lhj/phase11_sim_condition_replication/real_dataset/lighting_low/episodes/episode_000004/images/primary/000008.jpg
lighting_low,episode_000004,9,9,alignment,0.4375,0.4375,0.0,0.00015707639226317235,1.8055067711975425,1.808362207841128,0.0028554366435855627,/home/ubuntu/a0509_vla_linux_field_bundle_20260903/lhj/phase11_sim_condition_replication/real_dataset/baseline/episodes/episode_000004/images/primary/000009.jpg,/home/ubuntu/a0509_vla_linux_field_bundle_20260903/lhj/phase11_sim_condition_replication/real_dataset/lighting_low/episodes/episode_000004/images/primary/000009.jpg
lighting_low,episode_000004,10,10,alignment,0.5,0.5,0.0,0.0006902441450021393,2.007321888115257,2.006259024841711,-0.0010628632735460997,/home/ubuntu/a0509_vla_linux_field_bundle_20260903/lhj/phase11_sim_condition_replication/real_dataset/baseline/episodes/episode_000004/images/primary/000010.jpg,/home/ubuntu/a0509_vla_linux_field_bundle_20260903/lhj/phase11_sim_condition_replication/real_dataset/lighting_low/episodes/episode_000004/images/primary/000010.jpg
lighting_low,episode_000004,11,11,alignment,0.5625,0.5625,0.0,0.0006794218347522467,2.2066419071052223,2.205957032041624,-0.000684875063598156,/home/ubuntu/a0509_vla_linux_field_bundle_20260903/lhj/phase11_sim_condition_replication/real_dataset/baseline/episodes/episode_000004/images/primary/000011.jpg,/home/ubuntu/a0509_vla_linux_field_bundle_20260903/lhj/phase11_sim_condition_replication/real_dataset/lighting_low/episodes/episode_000004/images/primary/000011.jpg
lighting_low,episode_000004,12,12,alignment,0.625,0.625,0.0,0.0007441811644382624,2.4062775131314993,2.4053736589848995,-0.0009038541465997696,/home/ubuntu/a0509_vla_linux_field_bundle_20260903/lhj/phase11_sim_condition_replication/real_dataset/baseline/episodes/episode_000004/images/primary/000012.jpg,/home/ubuntu/a0509_vla_linux_field_bundle_20260903/lhj/phase11_sim_condition_replication/real_dataset/lighting_low/episodes/episode_000004/images/primary/000012.jpg
lighting_low,episode_000004,13,13,alignment,0.6875,0.6875,0.0,0.0003779895188425243,2.6058486599940807,2.6081321579404175,0.0022834979463368654,/home/ubuntu/a0509_vla_linux_field_bundle_20260903/lhj/phase11_sim_condition_replication/real_dataset/baseline/episodes/episode_000004/images/primary/000013.jpg,/home/ubuntu/a0509_vla_linux_field_bundle_20260903/lhj/phase11_sim_condition_replication/real_dataset/lighting_low/episodes/episode_000004/images/primary/000013.jpg
lighting_low,episode_000004,14,14,alignment,0.75,0.75,0.0,0.0007010196859332708,2.806612932123244,2.8066376210190356,2.4688895791769028e-05,/home/ubuntu/a0509_vla_linux_field_bundle_20260903/lhj/phase11_sim_condition_replication/real_dataset/baseline/episodes/episode_000004/images/primary/000014.jpg,/home/ubuntu/a0509_vla_linux_field_bundle_20260903/lhj/phase11_sim_condition_replication/real_dataset/lighting_low/episodes/episode_000004/images/primary/000014.jpg
lighting_low,episode_000004,15,15,alignment,0.8125,0.8125,0.0,0.00036707590502764134,3.006236251210794,3.009193466976285,0.002957215765491128,/home/ubuntu/a0509_vla_linux_field_bundle_20260903/lhj/phase11_sim_condition_replication/real_dataset/baseline/episodes/episode_000004/images/primary/000015.jpg,/home/ubuntu/a0509_vla_linux_field_bundle_20260903/lhj/phase11_sim_condition_replication/real_dataset/lighting_low/episodes/episode_000004/images/primary/000015.jpg
lighting_low,episode_000004,16,16,alignment,0.875,0.875,0.0,0.00015743260651216142,3.2059800811111927,3.2133763048332185,0.007396223722025752,/home/ubuntu/a0509_vla_linux_field_bundle_20260903/lhj/phase11_sim_condition_replication/real_dataset/baseline/episodes/episode_000004/images/primary/000016.jpg,/home/ubuntu/a0509_vla_linux_field_bundle_20260903/lhj/phase11_sim_condition_replication/real_dataset/lighting_low/episodes/episode_000004/images/primary/000016.jpg
lighting_low,episode_000004,17,17,alignment,0.9375,0.9375,0.0,0.0005579890434327953,3.4053154070861638,3.4073490949813277,0.0020336878951638937,/home/ubuntu/a0509_vla_linux_field_bundle_20260903/lhj/phase11_sim_condition_replication/real_dataset/baseline/episodes/episode_000004/images/primary/000017.jpg,/home/ubuntu/a0509_vla_linux_field_bundle_20260903/lhj/phase11_sim_condition_replication/real_dataset/lighting_low/episodes/episode_000004/images/primary/000017.jpg
lighting_low,episode_000004,18,18,alignment,1.0,1.0,0.0,0.0005922387654050182,3.605834947200492,3.607892114901915,0.002057167701423168,/home/ubuntu/a0509_vla_linux_field_bundle_20260903/lhj/phase11_sim_condition_replication/real_dataset/baseline/episodes/episode_000004/images/primary/000018.jpg,/home/ubuntu/a0509_vla_linux_field_bundle_20260903/lhj/phase11_sim_condition_replication/real_dataset/lighting_low/episodes/episode_000004/images/primary/000018.jpg
lighting_low,episode_000004,19,19,descent_to_grasp,0.0,0.0,0.0,0.0003707254455538867,3.8062786161899567,3.8077180539257824,0.001439437735825777,/home/ubuntu/a0509_vla_linux_field_bundle_20260903/lhj/phase11_sim_condition_replication/real_dataset/baseline/episodes/episode_000004/images/primary/000019.jpg,/home/ubuntu/a0509_vla_linux_field_bundle_20260903/lhj/phase11_sim_condition_replication/real_dataset/lighting_low/episodes/episode_000004/images/primary/000019.jpg
lighting_low,episode_000004,20,20,descent_to_grasp,0.14285714285714285,0.14285714285714285,0.0,0.0004014141809545643,4.0060651891399175,4.007090963888913,0.0010257747489959002,/home/ubuntu/a0509_vla_linux_field_bundle_20260903/lhj/phase11_sim_condition_replication/real_dataset/baseline/episodes/episode_000004/images/primary/000020.jpg,/home/ubuntu/a0509_vla_linux_field_bundle_20260903/lhj/phase11_sim_condition_replication/real_dataset/lighting_low/episodes/episode_000004/images/primary/000020.jpg
lighting_low,episode_000004,21,21,descent_to_grasp,0.2857142857142857,0.2857142857142857,0.0,0.0003486616798133589,4.205648472066969,4.207484650891274,0.0018361788243055344,/home/ubuntu/a0509_vla_linux_field_bundle_20260903/lhj/phase11_sim_condition_replication/real_dataset/baseline/episodes/episode_000004/images/primary/000021.jpg,/home/ubuntu/a0509_vla_linux_field_bundle_20260903/lhj/phase11_sim_condition_replication/real_dataset/lighting_low/episodes/episode_000004/images/primary/000021.jpg
lighting_low,episode_000004,22,22,descent_to_grasp,0.42857142857142855,0.42857142857142855,0.0,0.0004608064456873953,4.40642947005108,4.406657187035307,0.0002277169842272997,/home/ubuntu/a0509_vla_linux_field_bundle_20260903/lhj/phase11_sim_condition_replication/real_dataset/baseline/episodes/episode_000004/images/primary/000022.jpg,/home/ubuntu/a0509_vla_linux_field_bundle_20260903/lhj/phase11_sim_condition_replication/real_dataset/lighting_low/episodes/episode_000004/images/primary/000022.jpg
lighting_low,episode_000004,23,23,descent_to_grasp,0.5714285714285714,0.5714285714285714,0.0,0.0005803049270240136,4.6078428470063955,4.606354336952791,-0.0014885100536048412,/home/ubuntu/a0509_vla_linux_field_bundle_20260903/lhj/phase11_sim_condition_replication/real_dataset/baseline/episodes/episode_000004/images/primary/000023.jpg,/home/ubuntu/a0509_vla_linux_field_bundle_20260903/lhj/phase11_sim_condition_replication/real_dataset/lighting_low/episodes/episode_000004/images/primary/000023.jpg
lighting_low,episode_000004,24,24,descent_to_grasp,0.7142857142857143,0.7142857142857143,0.0,0.0004403186397904871,4.805911961011589,4.806513319956139,0.0006013589445501566,/home/ubuntu/a0509_vla_linux_field_bundle_20260903/lhj/phase11_sim_condition_replication/real_dataset/baseline/episodes/episode_000004/images/primary/000024.jpg,/home/ubuntu/a0509_vla_linux_field_bundle_20260903/lhj/phase11_sim_condition_replication/real_dataset/lighting_low/episodes/episode_000004/images/primary/000024.jpg
lighting_low,episode_000004,25,25,descent_to_grasp,0.8571428571428571,0.8571428571428571,0.0,0.00042830459206100863,5.00553515413776,5.006349280942231,0.0008141268044710159,/home/ubuntu/a0509_vla_linux_field_bundle_20260903/lhj/phase11_sim_condition_replication/real_dataset/baseline/episodes/episode_000004/images/primary/000025.jpg,/home/ubuntu/a0509_vla_linux_field_bundle_20260903/lhj/phase11_sim_condition_replication/real_dataset/lighting_low/episodes/episode_000004/images/primary/000025.jpg
lighting_low,episode_000004,26,26,descent_to_grasp,1.0,1.0,0.0,0.0005225341358564237,5.206780571024865,5.206249141832814,-0.0005314291920512915,/home/ubuntu/a0509_vla_linux_field_bundle_20260903/lhj/phase11_sim_condition_replication/real_dataset/baseline/episodes/episode_000004/images/primary/000026.jpg,/home/ubuntu/a0509_vla_linux_field_bundle_20260903/lhj/phase11_sim_condition_replication/real_dataset/lighting_low/episodes/episode_000004/images/primary/000026.jpg
lighting_low,episode_000004,27,27,grasp_close,0.0,0.0,0.0,0.0,5.405154730193317,5.405984924873337,0.0008301946800202131,/home/ubuntu/a0509_vla_linux_field_bundle_20260903/lhj/phase11_sim_condition_replication/real_dataset/baseline/episodes/episode_000004/images/primary/000027.jpg,/home/ubuntu/a0509_vla_linux_field_bundle_20260903/lhj/phase11_sim_condition_replication/real_dataset/lighting_low/episodes/episode_000004/images/primary/000027.jpg
lighting_low,episode_000004,28,28,grasp_close,0.1111111111111111,0.1111111111111111,0.0,0.0,5.605701275169849,5.606071020942181,0.00036974577233195305,/home/ubuntu/a0509_vla_linux_field_bundle_20260903/lhj/phase11_sim_condition_replication/real_dataset/baseline/episodes/episode_000004/images/primary/000028.jpg,/home/ubuntu/a0509_vla_linux_field_bundle_20260903/lhj/phase11_sim_condition_replication/real_dataset/lighting_low/episodes/episode_000004/images/primary/000028.jpg
lighting_low,episode_000004,29,29,grasp_close,0.2222222222222222,0.2222222222222222,0.0,0.0,5.808492323150858,5.809579694876447,0.001087371725589037,/home/ubuntu/a0509_vla_linux_field_bundle_20260903/lhj/phase11_sim_condition_replication/real_dataset/baseline/episodes/episode_000004/images/primary/000029.jpg,/home/ubuntu/a0509_vla_linux_field_bundle_20260903/lhj/phase11_sim_condition_replication/real_dataset/lighting_low/episodes/episode_000004/images/primary/000029.jpg
lighting_low,episode_000004,30,30,grasp_close,0.3333333333333333,0.3333333333333333,0.0,0.0,6.006656876998022,6.006650239927694,-6.637070327997208e-06,/home/ubuntu/a0509_vla_linux_field_bundle_20260903/lhj/phase11_sim_condition_replication/real_dataset/baseline/episodes/episode_000004/images/primary/000030.jpg,/home/ubuntu/a0509_vla_linux_field_bundle_20260903/lhj/phase11_sim_condition_replication/real_dataset/lighting_low/episodes/episode_000004/images/primary/000030.jpg
lighting_low,episode_000004,31,31,grasp_close,0.4444444444444444,0.4444444444444444,0.0,0.0,6.205901278182864,6.206714733038098,0.0008134548552334309,/home/ubuntu/a0509_vla_linux_field_bundle_20260903/lhj/phase11_sim_condition_replication/real_dataset/baseline/episodes/episode_000004/images/primary/000031.jpg,/home/ubuntu/a0509_vla_linux_field_bundle_20260903/lhj/phase11_sim_condition_replication/real_dataset/lighting_low/episodes/episode_000004/images/primary/000031.jpg
lighting_low,episode_000004,32,32,grasp_close,0.5555555555555556,0.5555555555555556,0.0,0.0,6.405569734051824,6.406701250933111,0.001131516881287098,/home/ubuntu/a0509_vla_linux_field_bundle_20260903/lhj/phase11_sim_condition_replication/real_dataset/baseline/episodes/episode_000004/images/primary/000032.jpg,/home/ubuntu/a0509_vla_linux_field_bundle_20260903/lhj/phase11_sim_condition_replication/real_dataset/lighting_low/episodes/episode_000004/images/primary/000032.jpg
lighting_low,episode_000004,33,33,grasp_close,0.6666666666666666,0.6666666666666666,0.0,0.0,6.60526735521853,6.606654976028949,0.001387620810419321,/home/ubuntu/a0509_vla_linux_field_bundle_20260903/lhj/phase11_sim_condition_replication/real_dataset/baseline/episodes/episode_000004/images/primary/000033.jpg,/home/ubuntu/a0509_vla_linux_field_bundle_20260903/lhj/phase11_sim_condition_replication/real_dataset/lighting_low/episodes/episode_000004/images/primary/000033.jpg
lighting_low,episode_000004,34,34,grasp_close,0.7777777777777778,0.7777777777777778,0.0,0.0,6.80574148404412,6.8068791220430285,0.0011376379989087582,/home/ubuntu/a0509_vla_linux_field_bundle_20260903/lhj/phase11_sim_condition_replication/real_dataset/baseline/episodes/episode_000004/images/primary/000034.jpg,/home/ubuntu/a0509_vla_linux_field_bundle_20260903/lhj/phase11_sim_condition_replication/real_dataset/lighting_low/episodes/episode_000004/images/primary/000034.jpg
lighting_low,episode_000004,35,35,grasp_close,0.8888888888888888,0.8888888888888888,0.0,0.0,7.005403500050306,7.0068110739812255,0.0014075739309191704,/home/ubuntu/a0509_vla_linux_field_bundle_20260903/lhj/phase11_sim_condition_replication/real_dataset/baseline/episodes/episode_000004/images/primary/000035.jpg,/home/ubuntu/a0509_vla_linux_field_bundle_20260903/lhj/phase11_sim_condition_replication/real_dataset/lighting_low/episodes/episode_000004/images/primary/000035.jpg
lighting_low,episode_000004,36,36,grasp_close,1.0,1.0,0.0,0.0,7.205893489066511,7.206864076899365,0.000970587832853198,/home/ubuntu/a0509_vla_linux_field_bundle_20260903/lhj/phase11_sim_condition_replication/real_dataset/baseline/episodes/episode_000004/images/primary/000036.jpg,/home/ubuntu/a0509_vla_linux_field_bundle_20260903/lhj/phase11_sim_condition_replication/real_dataset/lighting_low/episodes/episode_000004/images/primary/000036.jpg
lighting_low,episode_000004,37,37,lift,0.0,0.0,0.0,0.0003656496866228376,7.405784917995334,7.407504193019122,0.0017192750237882137,/home/ubuntu/a0509_vla_linux_field_bundle_20260903/lhj/phase11_sim_condition_replication/real_dataset/baseline/episodes/episode_000004/images/primary/000037.jpg,/home/ubuntu/a0509_vla_linux_field_bundle_20260903/lhj/phase11_sim_condition_replication/real_dataset/lighting_low/episodes/episode_000004/images/primary/000037.jpg
lighting_low,episode_000004,38,38,lift,0.125,0.125,0.0,0.0004003251740319347,7.605278925038874,7.606551276985556,0.001272351946681738,/home/ubuntu/a0509_vla_linux_field_bundle_20260903/lhj/phase11_sim_condition_replication/real_dataset/baseline/episodes/episode_000004/images/primary/000038.jpg,/home/ubuntu/a0509_vla_linux_field_bundle_20260903/lhj/phase11_sim_condition_replication/real_dataset/lighting_low/episodes/episode_000004/images/primary/000038.jpg
lighting_low,episode_000004,39,39,lift,0.25,0.25,0.0,0.0004167466147927401,7.805545528186485,7.806656864937395,0.001111336750909686,/home/ubuntu/a0509_vla_linux_field_bundle_20260903/lhj/phase11_sim_condition_replication/real_dataset/baseline/episodes/episode_000004/images/primary/000039.jpg,/home/ubuntu/a0509_vla_linux_field_bundle_20260903/lhj/phase11_sim_condition_replication/real_dataset/lighting_low/episodes/episode_000004/images/primary/000039.jpg
lighting_low,episode_000004,40,40,lift,0.375,0.375,0.0,0.0005068454836497094,8.00605420419015,8.005852145841345,-0.0002020583488047123,/home/ubuntu/a0509_vla_linux_field_bundle_20260903/lhj/phase11_sim_condition_replication/real_dataset/baseline/episodes/episode_000004/images/primary/000040.jpg,/home/ubuntu/a0509_vla_linux_field_bundle_20260903/lhj/phase11_sim_condition_replication/real_dataset/lighting_low/episodes/episode_000004/images/primary/000040.jpg
lighting_low,episode_000004,41,41,lift,0.5,0.5,0.0,0.000425051884321459,8.206087150145322,8.207260288996622,0.001173138851299882,/home/ubuntu/a0509_vla_linux_field_bundle_20260903/lhj/phase11_sim_condition_replication/real_dataset/baseline/episodes/episode_000004/images/primary/000041.jpg,/home/ubuntu/a0509_vla_linux_field_bundle_20260903/lhj/phase11_sim_condition_replication/real_dataset/lighting_low/episodes/episode_000004/images/primary/000041.jpg
lighting_low,episode_000004,42,42,lift,0.625,0.625,0.0,0.0005260545621396107,8.406924475217238,8.406613813946024,-0.00031066127121448517,/home/ubuntu/a0509_vla_linux_field_bundle_20260903/lhj/phase11_sim_condition_replication/real_dataset/baseline/episodes/episode_000004/images/primary/000042.jpg,/home/ubuntu/a0509_vla_linux_field_bundle_20260903/lhj/phase11_sim_condition_replication/real_dataset/lighting_low/episodes/episode_000004/images/primary/000042.jpg
lighting_low,episode_000004,43,43,lift,0.75,0.75,0.0,0.0005716299428613625,8.606872599106282,8.605944731039926,-0.000927868066355586,/home/ubuntu/a0509_vla_linux_field_bundle_20260903/lhj/phase11_sim_condition_replication/real_dataset/baseline/episodes/episode_000004/images/primary/000043.jpg,/home/ubuntu/a0509_vla_linux_field_bundle_20260903/lhj/phase11_sim_condition_replication/real_dataset/lighting_low/episodes/episode_000004/images/primary/000043.jpg
lighting_low,episode_000004,44,44,lift,0.875,0.875,0.0,0.0004531065051692207,8.806152959121391,8.807174472836778,0.0010215137153863907,/home/ubuntu/a0509_vla_linux_field_bundle_20260903/lhj/phase11_sim_condition_replication/real_dataset/baseline/episodes/episode_000004/images/primary/000044.jpg,/home/ubuntu/a0509_vla_linux_field_bundle_20260903/lhj/phase11_sim_condition_replication/real_dataset/lighting_low/episodes/episode_000004/images/primary/000044.jpg
lighting_low,episode_000004,45,45,lift,1.0,1.0,0.0,0.0004531681258743703,9.00595874316059,9.007074928842485,0.0011161856818944216,/home/ubuntu/a0509_vla_linux_field_bundle_20260903/lhj/phase11_sim_condition_replication/real_dataset/baseline/episodes/episode_000004/images/primary/000045.jpg,/home/ubuntu/a0509_vla_linux_field_bundle_20260903/lhj/phase11_sim_condition_replication/real_dataset/lighting_low/episodes/episode_000004/images/primary/000045.jpg
lighting_low,episode_000005,0,0,hold,0.0,0.0,0.0,2.9696053821081006e-06,0.009038018062710762,0.009896241128444672,0.0008582230657339096,/home/ubuntu/a0509_vla_linux_field_bundle_20260903/lhj/phase11_sim_condition_replication/real_dataset/baseline/episodes/episode_000005/images/primary/000000.jpg,/home/ubuntu/a0509_vla_linux_field_bundle_20260903/lhj/phase11_sim_condition_replication/real_dataset/lighting_low/episodes/episode_000005/images/primary/000000.jpg
lighting_low,episode_000005,1,1,hold,1.0,1.0,0.0,2.9696053821081006e-06,0.20684475707821548,0.20733910705894232,0.0004943499807268381,/home/ubuntu/a0509_vla_linux_field_bundle_20260903/lhj/phase11_sim_condition_replication/real_dataset/baseline/episodes/episode_000005/images/primary/000001.jpg,/home/ubuntu/a0509_vla_linux_field_bundle_20260903/lhj/phase11_sim_condition_replication/real_dataset/lighting_low/episodes/episode_000005/images/primary/000001.jpg
lighting_low,episode_000005,2,2,alignment,0.0,0.0,0.0,8.163558011546265e-05,0.40623146295547485,0.4061466949060559,-8.476804941892624e-05,/home/ubuntu/a0509_vla_linux_field_bundle_20260903/lhj/phase11_sim_condition_replication/real_dataset/baseline/episodes/episode_000005/images/primary/000002.jpg,/home/ubuntu/a0509_vla_linux_field_bundle_20260903/lhj/phase11_sim_condition_replication/real_dataset/lighting_low/episodes/episode_000005/images/primary/000002.jpg
lighting_low,episode_000005,3,3,alignment,0.07142857142857142,0.07142857142857142,0.0,3.8681810440465115e-05,0.6060094500426203,0.6064911710564047,0.00048172101378440857,/home/ubuntu/a0509_vla_linux_field_bundle_20260903/lhj/phase11_sim_condition_replication/real_dataset/baseline/episodes/episode_000005/images/primary/000003.jpg,/home/ubuntu/a0509_vla_linux_field_bundle_20260903/lhj/phase11_sim_condition_replication/real_dataset/lighting_low/episodes/episode_000005/images/primary/000003.jpg
lighting_low,episode_000005,4,4,alignment,0.14285714285714285,0.14285714285714285,0.0,3.439645232804562e-05,0.8056978669483215,0.8064206049311906,0.0007227379828691483,/home/ubuntu/a0509_vla_linux_field_bundle_20260903/lhj/phase11_sim_condition_replication/real_dataset/baseline/episodes/episode_000005/images/primary/000004.jpg,/home/ubuntu/a0509_vla_linux_field_bundle_20260903/lhj/phase11_sim_condition_replication/real_dataset/lighting_low/episodes/episode_000005/images/primary/000004.jpg
lighting_low,episode_000005,5,5,alignment,0.21428571428571427,0.21428571428571427,0.0,0.00019993877059018236,1.0067276710178703,1.0062645690049976,-0.0004631020128726959,/home/ubuntu/a0509_vla_linux_field_bundle_20260903/lhj/phase11_sim_condition_replication/real_dataset/baseline/episodes/episode_000005/images/primary/000005.jpg,/home/ubuntu/a0509_vla_linux_field_bundle_20260903/lhj/phase11_sim_condition_replication/real_dataset/lighting_low/episodes/episode_000005/images/primary/000005.jpg
lighting_low,episode_000005,6,6,alignment,0.2857142857142857,0.2857142857142857,0.0,0.0002793326491159597,1.2068067351356149,1.2058815329801291,-0.0009252021554857492,/home/ubuntu/a0509_vla_linux_field_bundle_20260903/lhj/phase11_sim_condition_replication/real_dataset/baseline/episodes/episode_000005/images/primary/000006.jpg,/home/ubuntu/a0509_vla_linux_field_bundle_20260903/lhj/phase11_sim_condition_replication/real_dataset/lighting_low/episodes/episode_000005/images/primary/000006.jpg
lighting_low,episode_000005,7,7,alignment,0.35714285714285715,0.35714285714285715,0.0,0.0001414753401575683,1.4056640600319952,1.4061020370572805,0.0004379770252853632,/home/ubuntu/a0509_vla_linux_field_bundle_20260903/lhj/phase11_sim_condition_replication/real_dataset/baseline/episodes/episode_000005/images/primary/000007.jpg,/home/ubuntu/a0509_vla_linux_field_bundle_20260903/lhj/phase11_sim_condition_replication/real_dataset/lighting_low/episodes/episode_000005/images/primary/000007.jpg
lighting_low,episode_000005,8,8,alignment,0.42857142857142855,0.42857142857142855,0.0,0.00011030709634804757,1.6059546789620072,1.606860324041918,0.0009056450799107552,/home/ubuntu/a0509_vla_linux_field_bundle_20260903/lhj/phase11_sim_condition_replication/real_dataset/baseline/episodes/episode_000005/images/primary/000008.jpg,/home/ubuntu/a0509_vla_linux_field_bundle_20260903/lhj/phase11_sim_condition_replication/real_dataset/lighting_low/episodes/episode_000005/images/primary/000008.jpg
lighting_low,episode_000005,9,9,alignment,0.5,0.5,0.0,0.0005032295613600036,1.8084317140746862,1.8062417949549854,-0.0021899191197007895,/home/ubuntu/a0509_vla_linux_field_bundle_20260903/lhj/phase11_sim_condition_replication/real_dataset/baseline/episodes/episode_000005/images/primary/000009.jpg,/home/ubuntu/a0509_vla_linux_field_bundle_20260903/lhj/phase11_sim_condition_replication/real_dataset/lighting_low/episodes/episode_000005/images/primary/000009.jpg
lighting_low,episode_000005,10,10,alignment,0.5714285714285714,0.5714285714285714,0.0,0.00010567571435467713,2.0057716120500118,2.008903407957405,0.003131795907393098,/home/ubuntu/a0509_vla_linux_field_bundle_20260903/lhj/phase11_sim_condition_replication/real_dataset/baseline/episodes/episode_000005/images/primary/000010.jpg,/home/ubuntu/a0509_vla_linux_field_bundle_20260903/lhj/phase11_sim_condition_replication/real_dataset/lighting_low/episodes/episode_000005/images/primary/000010.jpg
lighting_low,episode_000005,11,11,alignment,0.6428571428571429,0.6428571428571429,0.0,0.00020947135203131653,2.206053825095296,2.206741808913648,0.0006879838183522224,/home/ubuntu/a0509_vla_linux_field_bundle_20260903/lhj/phase11_sim_condition_replication/real_dataset/baseline/episodes/episode_000005/images/primary/000011.jpg,/home/ubuntu/a0509_vla_linux_field_bundle_20260903/lhj/phase11_sim_condition_replication/real_dataset/lighting_low/episodes/episode_000005/images/primary/000011.jpg
lighting_low,episode_000005,12,12,alignment,0.7142857142857143,0.7142857142857143,0.0,0.001146564633093565,2.414184360066429,2.407207692041993,-0.006976668024435639,/home/ubuntu/a0509_vla_linux_field_bundle_20260903/lhj/phase11_sim_condition_replication/real_dataset/baseline/episodes/episode_000005/images/primary/000012.jpg,/home/ubuntu/a0509_vla_linux_field_bundle_20260903/lhj/phase11_sim_condition_replication/real_dataset/lighting_low/episodes/episode_000005/images/primary/000012.jpg
lighting_low,episode_000005,13,13,alignment,0.7857142857142857,0.7857142857142857,0.0,0.00038088882463777334,2.6066854409873486,2.6063435829710215,-0.0003418580163270235,/home/ubuntu/a0509_vla_linux_field_bundle_20260903/lhj/phase11_sim_condition_replication/real_dataset/baseline/episodes/episode_000005/images/primary/000013.jpg,/home/ubuntu/a0509_vla_linux_field_bundle_20260903/lhj/phase11_sim_condition_replication/real_dataset/lighting_low/episodes/episode_000005/images/primary/000013.jpg
lighting_low,episode_000005,14,14,alignment,0.8571428571428571,0.8571428571428571,0.0,0.0006299859858756831,2.8088880190625787,2.806659545050934,-0.002228474011644721,/home/ubuntu/a0509_vla_linux_field_bundle_20260903/lhj/phase11_sim_condition_replication/real_dataset/baseline/episodes/episode_000005/images/primary/000014.jpg,/home/ubuntu/a0509_vla_linux_field_bundle_20260903/lhj/phase11_sim_condition_replication/real_dataset/lighting_low/episodes/episode_000005/images/primary/000014.jpg
lighting_low,episode_000005,15,15,alignment,0.9285714285714286,0.9285714285714286,0.0,0.0003311027136028723,3.005878585157916,3.0063651180826128,0.0004865329246968031,/home/ubuntu/a0509_vla_linux_field_bundle_20260903/lhj/phase11_sim_condition_replication/real_dataset/baseline/episodes/episode_000005/images/primary/000015.jpg,/home/ubuntu/a0509_vla_linux_field_bundle_20260903/lhj/phase11_sim_condition_replication/real_dataset/lighting_low/episodes/episode_000005/images/primary/000015.jpg
lighting_low,episode_000005,16,16,alignment,1.0,1.0,0.0,0.0004107089461815913,3.206368625164032,3.2063917270861566,2.3101922124624252e-05,/home/ubuntu/a0509_vla_linux_field_bundle_20260903/lhj/phase11_sim_condition_replication/real_dataset/baseline/episodes/episode_000005/images/primary/000016.jpg,/home/ubuntu/a0509_vla_linux_field_bundle_20260903/lhj/phase11_sim_condition_replication/real_dataset/lighting_low/episodes/episode_000005/images/primary/000016.jpg
lighting_low,episode_000005,17,17,descent_to_grasp,0.0,0.0,0.0,0.00019647073513301002,3.405942111974582,3.406698727980256,0.0007566160056740046,/home/ubuntu/a0509_vla_linux_field_bundle_20260903/lhj/phase11_sim_condition_replication/real_dataset/baseline/episodes/episode_000005/images/primary/000017.jpg,/home/ubuntu/a0509_vla_linux_field_bundle_20260903/lhj/phase11_sim_condition_replication/real_dataset/lighting_low/episodes/episode_000005/images/primary/000017.jpg
lighting_low,episode_000005,18,18,descent_to_grasp,0.14285714285714285,0.14285714285714285,0.0,0.00013487889403186092,3.6059322820510715,3.607717981096357,0.0017856990452855825,/home/ubuntu/a0509_vla_linux_field_bundle_20260903/lhj/phase11_sim_condition_replication/real_dataset/baseline/episodes/episode_000005/images/primary/000018.jpg,/home/ubuntu/a0509_vla_linux_field_bundle_20260903/lhj/phase11_sim_condition_replication/real_dataset/lighting_low/episodes/episode_000005/images/primary/000018.jpg
lighting_low,episode_000005,19,19,descent_to_grasp,0.2857142857142857,0.2857142857142857,0.0,0.00025553285666854295,3.8065989741589874,3.8067453920375556,0.00014641787856817245,/home/ubuntu/a0509_vla_linux_field_bundle_20260903/lhj/phase11_sim_condition_replication/real_dataset/baseline/episodes/episode_000005/images/primary/000019.jpg,/home/ubuntu/a0509_vla_linux_field_bundle_20260903/lhj/phase11_sim_condition_replication/real_dataset/lighting_low/episodes/episode_000005/images/primary/000019.jpg
lighting_low,episode_000005,20,20,descent_to_grasp,0.42857142857142855,0.42857142857142855,0.0,0.0002471124004688886,4.00563442800194,4.006030684104189,0.0003962561022490263,/home/ubuntu/a0509_vla_linux_field_bundle_20260903/lhj/phase11_sim_condition_replication/real_dataset/baseline/episodes/episode_000005/images/primary/000020.jpg,/home/ubuntu/a0509_vla_linux_field_bundle_20260903/lhj/phase11_sim_condition_replication/real_dataset/lighting_low/episodes/episode_000005/images/primary/000020.jpg
lighting_low,episode_000005,21,21,descent_to_grasp,0.5714285714285714,0.5714285714285714,0.0,0.00029219761656657824,4.206403102958575,4.206266765948385,-0.00013633701018989086,/home/ubuntu/a0509_vla_linux_field_bundle_20260903/lhj/phase11_sim_condition_replication/real_dataset/baseline/episodes/episode_000005/images/primary/000021.jpg,/home/ubuntu/a0509_vla_linux_field_bundle_20260903/lhj/phase11_sim_condition_replication/real_dataset/lighting_low/episodes/episode_000005/images/primary/000021.jpg
lighting_low,episode_000005,22,22,descent_to_grasp,0.7142857142857143,0.7142857142857143,0.0,0.00016092079191852316,4.405915254959837,4.407828158931807,0.0019129039719700813,/home/ubuntu/a0509_vla_linux_field_bundle_20260903/lhj/phase11_sim_condition_replication/real_dataset/baseline/episodes/episode_000005/images/primary/000022.jpg,/home/ubuntu/a0509_vla_linux_field_bundle_20260903/lhj/phase11_sim_condition_replication/real_dataset/lighting_low/episodes/episode_000005/images/primary/000022.jpg
lighting_low,episode_000005,23,23,descent_to_grasp,0.8571428571428571,0.8571428571428571,0.0,0.00031038254419207167,4.606464511016384,4.606316199991852,-0.00014831102453172207,/home/ubuntu/a0509_vla_linux_field_bundle_20260903/lhj/phase11_sim_condition_replication/real_dataset/baseline/episodes/episode_000005/images/primary/000023.jpg,/home/ubuntu/a0509_vla_linux_field_bundle_20260903/lhj/phase11_sim_condition_replication/real_dataset/lighting_low/episodes/episode_000005/images/primary/000023.jpg
lighting_low,episode_000005,24,24,descent_to_grasp,1.0,1.0,0.0,0.0003772151430968229,4.807250670157373,4.8062513100449,-0.0009993601124733686,/home/ubuntu/a0509_vla_linux_field_bundle_20260903/lhj/phase11_sim_condition_replication/real_dataset/baseline/episodes/episode_000005/images/primary/000024.jpg,/home/ubuntu/a0509_vla_linux_field_bundle_20260903/lhj/phase11_sim_condition_replication/real_dataset/lighting_low/episodes/episode_000005/images/primary/000024.jpg
lighting_low,episode_000005,25,25,grasp_close,0.0,0.0,0.0,0.0,5.007893356960267,5.006081857020035,-0.0018114999402314425,/home/ubuntu/a0509_vla_linux_field_bundle_20260903/lhj/phase11_sim_condition_replication/real_dataset/baseline/episodes/episode_000005/images/primary/000025.jpg,/home/ubuntu/a0509_vla_linux_field_bundle_20260903/lhj/phase11_sim_condition_replication/real_dataset/lighting_low/episodes/episode_000005/images/primary/000025.jpg
lighting_low,episode_000005,26,26,grasp_close,0.1111111111111111,0.1111111111111111,0.0,0.0,5.205573417944834,5.2067279980983585,0.0011545801535248756,/home/ubuntu/a0509_vla_linux_field_bundle_20260903/lhj/phase11_sim_condition_replication/real_dataset/baseline/episodes/episode_000005/images/primary/000026.jpg,/home/ubuntu/a0509_vla_linux_field_bundle_20260903/lhj/phase11_sim_condition_replication/real_dataset/lighting_low/episodes/episode_000005/images/primary/000026.jpg
lighting_low,episode_000005,27,27,grasp_close,0.2222222222222222,0.2222222222222222,0.0,0.0,5.4062099379953,5.40639000502415,0.000180067028850317,/home/ubuntu/a0509_vla_linux_field_bundle_20260903/lhj/phase11_sim_condition_replication/real_dataset/baseline/episodes/episode_000005/images/primary/000027.jpg,/home/ubuntu/a0509_vla_linux_field_bundle_20260903/lhj/phase11_sim_condition_replication/real_dataset/lighting_low/episodes/episode_000005/images/primary/000027.jpg
lighting_low,episode_000005,28,28,grasp_close,0.3333333333333333,0.3333333333333333,0.0,0.0,5.605967210140079,5.606338510056958,0.00037129991687834263,/home/ubuntu/a0509_vla_linux_field_bundle_20260903/lhj/phase11_sim_condition_replication/real_dataset/baseline/episodes/episode_000005/images/primary/000028.jpg,/home/ubuntu/a0509_vla_linux_field_bundle_20260903/lhj/phase11_sim_condition_replication/real_dataset/lighting_low/episodes/episode_000005/images/primary/000028.jpg
lighting_low,episode_000005,29,29,grasp_close,0.4444444444444444,0.4444444444444444,0.0,0.0,5.805695502087474,5.809861226007342,0.004165723919868469,/home/ubuntu/a0509_vla_linux_field_bundle_20260903/lhj/phase11_sim_condition_replication/real_dataset/baseline/episodes/episode_000005/images/primary/000029.jpg,/home/ubuntu/a0509_vla_linux_field_bundle_20260903/lhj/phase11_sim_condition_replication/real_dataset/lighting_low/episodes/episode_000005/images/primary/000029.jpg
lighting_low,episode_000005,30,30,grasp_close,0.5555555555555556,0.5555555555555556,0.0,0.0,6.0082938589621335,6.006743455072865,-0.0015504038892686367,/home/ubuntu/a0509_vla_linux_field_bundle_20260903/lhj/phase11_sim_condition_replication/real_dataset/baseline/episodes/episode_000005/images/primary/000030.jpg,/home/ubuntu/a0509_vla_linux_field_bundle_20260903/lhj/phase11_sim_condition_replication/real_dataset/lighting_low/episodes/episode_000005/images/primary/000030.jpg
lighting_low,episode_000005,31,31,grasp_close,0.6666666666666666,0.6666666666666666,0.0,0.0,6.206059479154646,6.206934241112322,0.0008747619576752186,/home/ubuntu/a0509_vla_linux_field_bundle_20260903/lhj/phase11_sim_condition_replication/real_dataset/baseline/episodes/episode_000005/images/primary/000031.jpg,/home/ubuntu/a0509_vla_linux_field_bundle_20260903/lhj/phase11_sim_condition_replication/real_dataset/lighting_low/episodes/episode_000005/images/primary/000031.jpg
lighting_low,episode_000005,32,32,grasp_close,0.7777777777777778,0.7777777777777778,0.0,0.0,6.406502351164818,6.405605942942202,-0.0008964082226157188,/home/ubuntu/a0509_vla_linux_field_bundle_20260903/lhj/phase11_sim_condition_replication/real_dataset/baseline/episodes/episode_000005/images/primary/000032.jpg,/home/ubuntu/a0509_vla_linux_field_bundle_20260903/lhj/phase11_sim_condition_replication/real_dataset/lighting_low/episodes/episode_000005/images/primary/000032.jpg
lighting_low,episode_000005,33,33,grasp_close,0.8888888888888888,0.8888888888888888,0.0,0.0,6.605016769142821,6.605681770015508,0.0006650008726865053,/home/ubuntu/a0509_vla_linux_field_bundle_20260903/lhj/phase11_sim_condition_replication/real_dataset/baseline/episodes/episode_000005/images/primary/000033.jpg,/home/ubuntu/a0509_vla_linux_field_bundle_20260903/lhj/phase11_sim_condition_replication/real_dataset/lighting_low/episodes/episode_000005/images/primary/000033.jpg
lighting_low,episode_000005,34,34,grasp_close,1.0,1.0,0.0,0.0,6.805913028074428,6.805442980024964,-0.0004700480494648218,/home/ubuntu/a0509_vla_linux_field_bundle_20260903/lhj/phase11_sim_condition_replication/real_dataset/baseline/episodes/episode_000005/images/primary/000034.jpg,/home/ubuntu/a0509_vla_linux_field_bundle_20260903/lhj/phase11_sim_condition_replication/real_dataset/lighting_low/episodes/episode_000005/images/primary/000034.jpg
lighting_low,episode_000005,35,35,lift,0.0,0.0,0.0,1.704058614981907e-05,7.00611605704762,7.006085311062634,-3.0745984986424446e-05,/home/ubuntu/a0509_vla_linux_field_bundle_20260903/lhj/phase11_sim_condition_replication/real_dataset/baseline/episodes/episode_000005/images/primary/000035.jpg,/home/ubuntu/a0509_vla_linux_field_bundle_20260903/lhj/phase11_sim_condition_replication/real_dataset/lighting_low/episodes/episode_000005/images/primary/000035.jpg
lighting_low,episode_000005,36,36,lift,0.125,0.125,0.0,4.952767804949909e-05,7.206180999055505,7.206524989102036,0.000343990046530962,/home/ubuntu/a0509_vla_linux_field_bundle_20260903/lhj/phase11_sim_condition_replication/real_dataset/baseline/episodes/episode_000005/images/primary/000036.jpg,/home/ubuntu/a0509_vla_linux_field_bundle_20260903/lhj/phase11_sim_condition_replication/real_dataset/lighting_low/episodes/episode_000005/images/primary/000036.jpg
lighting_low,episode_000005,37,37,lift,0.25,0.25,0.0,0.00010817488964182109,7.406267113052309,7.406575947999954,0.0003088349476456642,/home/ubuntu/a0509_vla_linux_field_bundle_20260903/lhj/phase11_sim_condition_replication/real_dataset/baseline/episodes/episode_000005/images/primary/000037.jpg,/home/ubuntu/a0509_vla_linux_field_bundle_20260903/lhj/phase11_sim_condition_replication/real_dataset/lighting_low/episodes/episode_000005/images/primary/000037.jpg
lighting_low,episode_000005,38,38,lift,0.375,0.375,0.0,6.498739256177721e-06,7.606014030985534,7.6087988200597465,0.0027847890742123127,/home/ubuntu/a0509_vla_linux_field_bundle_20260903/lhj/phase11_sim_condition_replication/real_dataset/baseline/episodes/episode_000005/images/primary/000038.jpg,/home/ubuntu/a0509_vla_linux_field_bundle_20260903/lhj/phase11_sim_condition_replication/real_dataset/lighting_low/episodes/episode_000005/images/primary/000038.jpg
lighting_low,episode_000005,39,39,lift,0.5,0.5,0.0,0.00028085995464049995,7.808490788098425,7.8078702869825065,-0.0006205011159181595,/home/ubuntu/a0509_vla_linux_field_bundle_20260903/lhj/phase11_sim_condition_replication/real_dataset/baseline/episodes/episode_000005/images/primary/000039.jpg,/home/ubuntu/a0509_vla_linux_field_bundle_20260903/lhj/phase11_sim_condition_replication/real_dataset/lighting_low/episodes/episode_000005/images/primary/000039.jpg
lighting_low,episode_000005,40,40,lift,0.625,0.625,0.0,0.00023089838437262422,8.005570285953581,8.00660347705707,0.0010331911034882069,/home/ubuntu/a0509_vla_linux_field_bundle_20260903/lhj/phase11_sim_condition_replication/real_dataset/baseline/episodes/episode_000005/images/primary/000040.jpg,/home/ubuntu/a0509_vla_linux_field_bundle_20260903/lhj/phase11_sim_condition_replication/real_dataset/lighting_low/episodes/episode_000005/images/primary/000040.jpg
lighting_low,episode_000005,41,41,lift,0.75,0.75,0.0,0.0004487512243021019,8.20734621398151,8.205856624990702,-0.0014895889908075333,/home/ubuntu/a0509_vla_linux_field_bundle_20260903/lhj/phase11_sim_condition_replication/real_dataset/baseline/episodes/episode_000005/images/primary/000041.jpg,/home/ubuntu/a0509_vla_linux_field_bundle_20260903/lhj/phase11_sim_condition_replication/real_dataset/lighting_low/episodes/episode_000005/images/primary/000041.jpg
lighting_low,episode_000005,42,42,lift,0.875,0.875,0.0,0.0003011663499979944,8.406444316031411,8.408147301990539,0.0017029859591275454,/home/ubuntu/a0509_vla_linux_field_bundle_20260903/lhj/phase11_sim_condition_replication/real_dataset/baseline/episodes/episode_000005/images/primary/000042.jpg,/home/ubuntu/a0509_vla_linux_field_bundle_20260903/lhj/phase11_sim_condition_replication/real_dataset/lighting_low/episodes/episode_000005/images/primary/000042.jpg
lighting_low,episode_000005,43,43,lift,1.0,1.0,0.0,0.0004398935942935278,8.605823829071596,8.606233513914049,0.0004096848424524069,/home/ubuntu/a0509_vla_linux_field_bundle_20260903/lhj/phase11_sim_condition_replication/real_dataset/baseline/episodes/episode_000005/images/primary/000043.jpg,/home/ubuntu/a0509_vla_linux_field_bundle_20260903/lhj/phase11_sim_condition_replication/real_dataset/lighting_low/episodes/episode_000005/images/primary/000043.jpg
extra_object,episode_000001,0,0,hold,0.0,0.0,0.0,2.0085540332648165e-06,0.0114889619871974,0.008496080990880728,-0.0029928809963166714,/home/ubuntu/a0509_vla_linux_field_bundle_20260903/lhj/phase11_sim_condition_replication/real_dataset/baseline/episodes/episode_000001/images/primary/000000.jpg,/home/ubuntu/a0509_vla_linux_field_bundle_20260903/lhj/phase11_sim_condition_replication/real_dataset/extra_object/episodes/episode_000001/images/primary/000000.jpg
extra_object,episode_000001,1,1,hold,1.0,1.0,0.0,2.0085540332648165e-06,0.20896366704255342,0.20635296194814146,-0.002610705094411969,/home/ubuntu/a0509_vla_linux_field_bundle_20260903/lhj/phase11_sim_condition_replication/real_dataset/baseline/episodes/episode_000001/images/primary/000001.jpg,/home/ubuntu/a0509_vla_linux_field_bundle_20260903/lhj/phase11_sim_condition_replication/real_dataset/extra_object/episodes/episode_000001/images/primary/000001.jpg
extra_object,episode_000001,2,2,alignment,0.0,0.0,0.0,0.00024451238038698277,0.40830154111608863,0.40527546405792236,-0.0030260770581662655,/home/ubuntu/a0509_vla_linux_field_bundle_20260903/lhj/phase11_sim_condition_replication/real_dataset/baseline/episodes/episode_000001/images/primary/000002.jpg,/home/ubuntu/a0509_vla_linux_field_bundle_20260903/lhj/phase11_sim_condition_replication/real_dataset/extra_object/episodes/episode_000001/images/primary/000002.jpg
extra_object,episode_000001,3,3,alignment,0.058823529411764705,0.058823529411764705,0.0,8.954369818398025e-05,0.6075640269555151,0.6075131678953767,-5.0859060138463974e-05,/home/ubuntu/a0509_vla_linux_field_bundle_20260903/lhj/phase11_sim_condition_replication/real_dataset/baseline/episodes/episode_000001/images/primary/000003.jpg,/home/ubuntu/a0509_vla_linux_field_bundle_20260903/lhj/phase11_sim_condition_replication/real_dataset/extra_object/episodes/episode_000001/images/primary/000003.jpg
extra_object,episode_000001,4,4,alignment,0.11764705882352941,0.11764705882352941,0.0,0.0002984444271298087,0.8056645269971341,0.8076379040721804,0.001973377075046301,/home/ubuntu/a0509_vla_linux_field_bundle_20260903/lhj/phase11_sim_condition_replication/real_dataset/baseline/episodes/episode_000001/images/primary/000004.jpg,/home/ubuntu/a0509_vla_linux_field_bundle_20260903/lhj/phase11_sim_condition_replication/real_dataset/extra_object/episodes/episode_000001/images/primary/000004.jpg
extra_object,episode_000001,5,5,alignment,0.17647058823529413,0.17647058823529413,0.0,1.7838434993328393e-05,1.0059178450610489,1.0062092910520732,0.00029144599102437496,/home/ubuntu/a0509_vla_linux_field_bundle_20260903/lhj/phase11_sim_condition_replication/real_dataset/baseline/episodes/episode_000001/images/primary/000005.jpg,/home/ubuntu/a0509_vla_linux_field_bundle_20260903/lhj/phase11_sim_condition_replication/real_dataset/extra_object/episodes/episode_000001/images/primary/000005.jpg
extra_object,episode_000001,6,6,alignment,0.23529411764705882,0.23529411764705882,0.0,9.279702705557622e-05,1.2056538129691035,1.2055515539832413,-0.00010225898586213589,/home/ubuntu/a0509_vla_linux_field_bundle_20260903/lhj/phase11_sim_condition_replication/real_dataset/baseline/episodes/episode_000001/images/primary/000006.jpg,/home/ubuntu/a0509_vla_linux_field_bundle_20260903/lhj/phase11_sim_condition_replication/real_dataset/extra_object/episodes/episode_000001/images/primary/000006.jpg
extra_object,episode_000001,7,7,alignment,0.29411764705882354,0.29411764705882354,0.0,0.00013427111010442538,1.4056148200761527,1.4056429949123412,2.8174836188554764e-05,/home/ubuntu/a0509_vla_linux_field_bundle_20260903/lhj/phase11_sim_condition_replication/real_dataset/baseline/episodes/episode_000001/images/primary/000007.jpg,/home/ubuntu/a0509_vla_linux_field_bundle_20260903/lhj/phase11_sim_condition_replication/real_dataset/extra_object/episodes/episode_000001/images/primary/000007.jpg
extra_object,episode_000001,8,8,alignment,0.35294117647058826,0.35294117647058826,0.0,0.0004905256116380625,1.6074942629784346,1.6052711310330778,-0.0022231319453567266,/home/ubuntu/a0509_vla_linux_field_bundle_20260903/lhj/phase11_sim_condition_replication/real_dataset/baseline/episodes/episode_000001/images/primary/000008.jpg,/home/ubuntu/a0509_vla_linux_field_bundle_20260903/lhj/phase11_sim_condition_replication/real_dataset/extra_object/episodes/episode_000001/images/primary/000008.jpg
extra_object,episode_000001,9,9,alignment,0.4117647058823529,0.4117647058823529,0.0,0.0008468650625396484,1.8105045340489596,1.8060319980140775,-0.004472536034882069,/home/ubuntu/a0509_vla_linux_field_bundle_20260903/lhj/phase11_sim_condition_replication/real_dataset/baseline/episodes/episode_000001/images/primary/000009.jpg,/home/ubuntu/a0509_vla_linux_field_bundle_20260903/lhj/phase11_sim_condition_replication/real_dataset/extra_object/episodes/episode_000001/images/primary/000009.jpg
extra_object,episode_000001,10,10,alignment,0.47058823529411764,0.47058823529411764,0.0,3.4568042879255686e-05,2.007024008082226,2.009669716935605,0.002645708853378892,/home/ubuntu/a0509_vla_linux_field_bundle_20260903/lhj/phase11_sim_condition_replication/real_dataset/baseline/episodes/episode_000001/images/primary/000010.jpg,/home/ubuntu/a0509_vla_linux_field_bundle_20260903/lhj/phase11_sim_condition_replication/real_dataset/extra_object/episodes/episode_000001/images/primary/000010.jpg
extra_object,episode_000001,11,11,alignment,0.5294117647058824,0.5294117647058824,0.0,0.0008893604003227328,2.209355429979041,2.2054480710066855,-0.003907358972355723,/home/ubuntu/a0509_vla_linux_field_bundle_20260903/lhj/phase11_sim_condition_replication/real_dataset/baseline/episodes/episode_000001/images/primary/000011.jpg,/home/ubuntu/a0509_vla_linux_field_bundle_20260903/lhj/phase11_sim_condition_replication/real_dataset/extra_object/episodes/episode_000001/images/primary/000011.jpg
extra_object,episode_000001,12,12,alignment,0.5882352941176471,0.5882352941176471,0.0,0.00043690903931899535,2.408496150979772,2.408461342100054,-3.480887971818447e-05,/home/ubuntu/a0509_vla_linux_field_bundle_20260903/lhj/phase11_sim_condition_replication/real_dataset/baseline/episodes/episode_000001/images/primary/000012.jpg,/home/ubuntu/a0509_vla_linux_field_bundle_20260903/lhj/phase11_sim_condition_replication/real_dataset/extra_object/episodes/episode_000001/images/primary/000012.jpg
extra_object,episode_000001,13,13,alignment,0.6470588235294118,0.6470588235294118,0.0,0.0007315521261686662,2.608256708132103,2.606432921020314,-0.0018237871117889881,/home/ubuntu/a0509_vla_linux_field_bundle_20260903/lhj/phase11_sim_condition_replication/real_dataset/baseline/episodes/episode_000001/images/primary/000013.jpg,/home/ubuntu/a0509_vla_linux_field_bundle_20260903/lhj/phase11_sim_condition_replication/real_dataset/extra_object/episodes/episode_000001/images/primary/000013.jpg
extra_object,episode_000001,14,14,alignment,0.7058823529411765,0.7058823529411765,0.0,0.00073646579855259,2.807892194017768,2.8064752731006593,-0.001416920917108655,/home/ubuntu/a0509_vla_linux_field_bundle_20260903/lhj/phase11_sim_condition_replication/real_dataset/baseline/episodes/episode_000001/images/primary/000014.jpg,/home/ubuntu/a0509_vla_linux_field_bundle_20260903/lhj/phase11_sim_condition_replication/real_dataset/extra_object/episodes/episode_000001/images/primary/000014.jpg
extra_object,episode_000001,15,15,alignment,0.7647058823529411,0.7647058823529411,0.0,0.000640288077692336,3.0057878959923983,3.0055402340367436,-0.0002476619556546211,/home/ubuntu/a0509_vla_linux_field_bundle_20260903/lhj/phase11_sim_condition_replication/real_dataset/baseline/episodes/episode_000001/images/primary/000015.jpg,/home/ubuntu/a0509_vla_linux_field_bundle_20260903/lhj/phase11_sim_condition_replication/real_dataset/extra_object/episodes/episode_000001/images/primary/000015.jpg
extra_object,episode_000001,16,16,alignment,0.8235294117647058,0.8235294117647058,0.0,0.0007972182288223297,3.207286945078522,3.20629802509211,-0.0009889199864119291,/home/ubuntu/a0509_vla_linux_field_bundle_20260903/lhj/phase11_sim_condition_replication/real_dataset/baseline/episodes/episode_000001/images/primary/000016.jpg,/home/ubuntu/a0509_vla_linux_field_bundle_20260903/lhj/phase11_sim_condition_replication/real_dataset/extra_object/episodes/episode_000001/images/primary/000016.jpg
extra_object,episode_000001,17,17,alignment,0.8823529411764706,0.8823529411764706,0.0,0.0007775104936551549,3.4070767890661955,3.4066817068960518,-0.0003950821701437235,/home/ubuntu/a0509_vla_linux_field_bundle_20260903/lhj/phase11_sim_condition_replication/real_dataset/baseline/episodes/episode_000001/images/primary/000017.jpg,/home/ubuntu/a0509_vla_linux_field_bundle_20260903/lhj/phase11_sim_condition_replication/real_dataset/extra_object/episodes/episode_000001/images/primary/000017.jpg
extra_object,episode_000001,18,18,alignment,0.9411764705882353,0.9411764705882353,0.0,0.0008177435002148171,3.605650704121217,3.60539240995422,-0.0002582941669970751,/home/ubuntu/a0509_vla_linux_field_bundle_20260903/lhj/phase11_sim_condition_replication/real_dataset/baseline/episodes/episode_000001/images/primary/000018.jpg,/home/ubuntu/a0509_vla_linux_field_bundle_20260903/lhj/phase11_sim_condition_replication/real_dataset/extra_object/episodes/episode_000001/images/primary/000018.jpg
extra_object,episode_000001,19,19,alignment,1.0,1.0,0.0,0.0010827875517027258,3.8072433271445334,3.805424490943551,-0.0018188362009823322,/home/ubuntu/a0509_vla_linux_field_bundle_20260903/lhj/phase11_sim_condition_replication/real_dataset/baseline/episodes/episode_000001/images/primary/000019.jpg,/home/ubuntu/a0509_vla_linux_field_bundle_20260903/lhj/phase11_sim_condition_replication/real_dataset/extra_object/episodes/episode_000001/images/primary/000019.jpg
extra_object,episode_000001,20,20,descent_to_grasp,0.0,0.0,0.0,0.0005780326799791279,4.007283904124051,4.005397041095421,-0.0018868630286306143,/home/ubuntu/a0509_vla_linux_field_bundle_20260903/lhj/phase11_sim_condition_replication/real_dataset/baseline/episodes/episode_000001/images/primary/000020.jpg,/home/ubuntu/a0509_vla_linux_field_bundle_20260903/lhj/phase11_sim_condition_replication/real_dataset/extra_object/episodes/episode_000001/images/primary/000020.jpg
extra_object,episode_000001,21,21,descent_to_grasp,0.14285714285714285,0.14285714285714285,0.0,0.0007474290151599748,4.211635852931067,4.207294312072918,-0.0043415408581495285,/home/ubuntu/a0509_vla_linux_field_bundle_20260903/lhj/phase11_sim_condition_replication/real_dataset/baseline/episodes/episode_000001/images/primary/000021.jpg,/home/ubuntu/a0509_vla_linux_field_bundle_20260903/lhj/phase11_sim_condition_replication/real_dataset/extra_object/episodes/episode_000001/images/primary/000021.jpg
extra_object,episode_000001,22,22,descent_to_grasp,0.2857142857142857,0.2857142857142857,0.0,0.00031488485630980895,4.406183535000309,4.408189788926393,0.0020062539260834455,/home/ubuntu/a0509_vla_linux_field_bundle_20260903/lhj/phase11_sim_condition_replication/real_dataset/baseline/episodes/episode_000001/images/primary/000022.jpg,/home/ubuntu/a0509_vla_linux_field_bundle_20260903/lhj/phase11_sim_condition_replication/real_dataset/extra_object/episodes/episode_000001/images/primary/000022.jpg
extra_object,episode_000001,23,23,descent_to_grasp,0.42857142857142855,0.42857142857142855,0.0,0.00033825577928031837,4.605748414061964,4.607435123063624,0.001686709001660347,/home/ubuntu/a0509_vla_linux_field_bundle_20260903/lhj/phase11_sim_condition_replication/real_dataset/baseline/episodes/episode_000001/images/primary/000023.jpg,/home/ubuntu/a0509_vla_linux_field_bundle_20260903/lhj/phase11_sim_condition_replication/real_dataset/extra_object/episodes/episode_000001/images/primary/000023.jpg
extra_object,episode_000001,24,24,descent_to_grasp,0.5714285714285714,0.5714285714285714,0.0,0.0005187544556486989,4.806648371042684,4.805717641953379,-0.0009307290893048048,/home/ubuntu/a0509_vla_linux_field_bundle_20260903/lhj/phase11_sim_condition_replication/real_dataset/baseline/episodes/episode_000001/images/primary/000024.jpg,/home/ubuntu/a0509_vla_linux_field_bundle_20260903/lhj/phase11_sim_condition_replication/real_dataset/extra_object/episodes/episode_000001/images/primary/000024.jpg
extra_object,episode_000001,25,25,descent_to_grasp,0.7142857142857143,0.7142857142857143,0.0,0.0006075922721163815,5.008439937140793,5.006232437910512,-0.0022074992302805185,/home/ubuntu/a0509_vla_linux_field_bundle_20260903/lhj/phase11_sim_condition_replication/real_dataset/baseline/episodes/episode_000001/images/primary/000025.jpg,/home/ubuntu/a0509_vla_linux_field_bundle_20260903/lhj/phase11_sim_condition_replication/real_dataset/extra_object/episodes/episode_000001/images/primary/000025.jpg
extra_object,episode_000001,26,26,descent_to_grasp,0.8571428571428571,0.8571428571428571,0.0,0.0005776219103279475,5.208159340079874,5.206412445986643,-0.0017468940932303667,/home/ubuntu/a0509_vla_linux_field_bundle_20260903/lhj/phase11_sim_condition_replication/real_dataset/baseline/episodes/episode_000001/images/primary/000026.jpg,/home/ubuntu/a0509_vla_linux_field_bundle_20260903/lhj/phase11_sim_condition_replication/real_dataset/extra_object/episodes/episode_000001/images/primary/000026.jpg
extra_object,episode_000001,27,27,descent_to_grasp,1.0,1.0,0.0,0.0004897403495842086,5.4063151001464576,5.405875605996698,-0.0004394941497594118,/home/ubuntu/a0509_vla_linux_field_bundle_20260903/lhj/phase11_sim_condition_replication/real_dataset/baseline/episodes/episode_000001/images/primary/000027.jpg,/home/ubuntu/a0509_vla_linux_field_bundle_20260903/lhj/phase11_sim_condition_replication/real_dataset/extra_object/episodes/episode_000001/images/primary/000027.jpg
extra_object,episode_000001,28,28,grasp_close,0.0,0.0,0.0,0.0,5.607379009947181,5.605501634068787,-0.00187737587839365,/home/ubuntu/a0509_vla_linux_field_bundle_20260903/lhj/phase11_sim_condition_replication/real_dataset/baseline/episodes/episode_000001/images/primary/000028.jpg,/home/ubuntu/a0509_vla_linux_field_bundle_20260903/lhj/phase11_sim_condition_replication/real_dataset/extra_object/episodes/episode_000001/images/primary/000028.jpg
extra_object,episode_000001,29,29,grasp_close,0.1111111111111111,0.1111111111111111,0.0,0.0,5.805766494013369,5.805443729041144,-0.0003227649722248316,/home/ubuntu/a0509_vla_linux_field_bundle_20260903/lhj/phase11_sim_condition_replication/real_dataset/baseline/episodes/episode_000001/images/primary/000029.jpg,/home/ubuntu/a0509_vla_linux_field_bundle_20260903/lhj/phase11_sim_condition_replication/real_dataset/extra_object/episodes/episode_000001/images/primary/000029.jpg
extra_object,episode_000001,30,30,grasp_close,0.2222222222222222,0.2222222222222222,0.0,0.0,6.011126148980111,6.0091333840973675,-0.0019927648827433586,/home/ubuntu/a0509_vla_linux_field_bundle_20260903/lhj/phase11_sim_condition_replication/real_dataset/baseline/episodes/episode_000001/images/primary/000030.jpg,/home/ubuntu/a0509_vla_linux_field_bundle_20260903/lhj/phase11_sim_condition_replication/real_dataset/extra_object/episodes/episode_000001/images/primary/000030.jpg
extra_object,episode_000001,31,31,grasp_close,0.3333333333333333,0.3333333333333333,0.0,0.0,6.208024030085653,6.205471734050661,-0.002552296034991741,/home/ubuntu/a0509_vla_linux_field_bundle_20260903/lhj/phase11_sim_condition_replication/real_dataset/baseline/episodes/episode_000001/images/primary/000031.jpg,/home/ubuntu/a0509_vla_linux_field_bundle_20260903/lhj/phase11_sim_condition_replication/real_dataset/extra_object/episodes/episode_000001/images/primary/000031.jpg
extra_object,episode_000001,32,32,grasp_close,0.4444444444444444,0.4444444444444444,0.0,0.0,6.407445193966851,6.405516440980136,-0.0019287529867142439,/home/ubuntu/a0509_vla_linux_field_bundle_20260903/lhj/phase11_sim_condition_replication/real_dataset/baseline/episodes/episode_000001/images/primary/000032.jpg,/home/ubuntu/a0509_vla_linux_field_bundle_20260903/lhj/phase11_sim_condition_replication/real_dataset/extra_object/episodes/episode_000001/images/primary/000032.jpg
extra_object,episode_000001,33,33,grasp_close,0.5555555555555556,0.5555555555555556,0.0,0.0,6.605974436970428,6.606390508124605,0.0004160711541771889,/home/ubuntu/a0509_vla_linux_field_bundle_20260903/lhj/phase11_sim_condition_replication/real_dataset/baseline/episodes/episode_000001/images/primary/000033.jpg,/home/ubuntu/a0509_vla_linux_field_bundle_20260903/lhj/phase11_sim_condition_replication/real_dataset/extra_object/episodes/episode_000001/images/primary/000033.jpg
extra_object,episode_000001,34,34,grasp_close,0.6666666666666666,0.6666666666666666,0.0,0.0,6.808866969076917,6.8061363459564745,-0.002730623120442033,/home/ubuntu/a0509_vla_linux_field_bundle_20260903/lhj/phase11_sim_condition_replication/real_dataset/baseline/episodes/episode_000001/images/primary/000034.jpg,/home/ubuntu/a0509_vla_linux_field_bundle_20260903/lhj/phase11_sim_condition_replication/real_dataset/extra_object/episodes/episode_000001/images/primary/000034.jpg
extra_object,episode_000001,35,35,grasp_close,0.7777777777777778,0.7777777777777778,0.0,0.0,7.007815076038241,7.0078909730073065,7.589696906507015e-05,/home/ubuntu/a0509_vla_linux_field_bundle_20260903/lhj/phase11_sim_condition_replication/real_dataset/baseline/episodes/episode_000001/images/primary/000035.jpg,/home/ubuntu/a0509_vla_linux_field_bundle_20260903/lhj/phase11_sim_condition_replication/real_dataset/extra_object/episodes/episode_000001/images/primary/000035.jpg
extra_object,episode_000001,36,36,grasp_close,0.8888888888888888,0.8888888888888888,0.0,0.0,7.207922433968633,7.206135957036167,-0.0017864769324660301,/home/ubuntu/a0509_vla_linux_field_bundle_20260903/lhj/phase11_sim_condition_replication/real_dataset/baseline/episodes/episode_000001/images/primary/000036.jpg,/home/ubuntu/a0509_vla_linux_field_bundle_20260903/lhj/phase11_sim_condition_replication/real_dataset/extra_object/episodes/episode_000001/images/primary/000036.jpg
extra_object,episode_000001,37,37,grasp_close,1.0,1.0,0.0,0.0,7.407552961958572,7.406613454921171,-0.0009395070374011993,/home/ubuntu/a0509_vla_linux_field_bundle_20260903/lhj/phase11_sim_condition_replication/real_dataset/baseline/episodes/episode_000001/images/primary/000037.jpg,/home/ubuntu/a0509_vla_linux_field_bundle_20260903/lhj/phase11_sim_condition_replication/real_dataset/extra_object/episodes/episode_000001/images/primary/000037.jpg
extra_object,episode_000001,38,38,lift,0.0,0.0,0.0,0.00035754938070364783,7.606171583989635,7.606464562937617,0.00029297894798219204,/home/ubuntu/a0509_vla_linux_field_bundle_20260903/lhj/phase11_sim_condition_replication/real_dataset/baseline/episodes/episode_000001/images/primary/000038.jpg,/home/ubuntu/a0509_vla_linux_field_bundle_20260903/lhj/phase11_sim_condition_replication/real_dataset/extra_object/episodes/episode_000001/images/primary/000038.jpg
extra_object,episode_000001,39,39,lift,0.125,0.125,0.0,0.0004117116694458134,7.806857225950807,7.806226724060252,-0.0006305018905550241,/home/ubuntu/a0509_vla_linux_field_bundle_20260903/lhj/phase11_sim_condition_replication/real_dataset/baseline/episodes/episode_000001/images/primary/000039.jpg,/home/ubuntu/a0509_vla_linux_field_bundle_20260903/lhj/phase11_sim_condition_replication/real_dataset/extra_object/episodes/episode_000001/images/primary/000039.jpg
extra_object,episode_000001,40,40,lift,0.25,0.25,0.0,0.00043470529811850955,8.007762884022668,8.00669712596573,-0.0010657580569386482,/home/ubuntu/a0509_vla_linux_field_bundle_20260903/lhj/phase11_sim_condition_replication/real_dataset/baseline/episodes/episode_000001/images/primary/000040.jpg,/home/ubuntu/a0509_vla_linux_field_bundle_20260903/lhj/phase11_sim_condition_replication/real_dataset/extra_object/episodes/episode_000001/images/primary/000040.jpg
extra_object,episode_000001,41,41,lift,0.375,0.375,0.0,0.0004070147042644079,8.206239856081083,8.205533798085526,-0.000706057995557785,/home/ubuntu/a0509_vla_linux_field_bundle_20260903/lhj/phase11_sim_condition_replication/real_dataset/baseline/episodes/episode_000001/images/primary/000041.jpg,/home/ubuntu/a0509_vla_linux_field_bundle_20260903/lhj/phase11_sim_condition_replication/real_dataset/extra_object/episodes/episode_000001/images/primary/000041.jpg
extra_object,episode_000001,42,42,lift,0.5,0.5,0.0,0.000344651270428431,8.406326968921348,8.406523215118796,0.00019624619744718075,/home/ubuntu/a0509_vla_linux_field_bundle_20260903/lhj/phase11_sim_condition_replication/real_dataset/baseline/episodes/episode_000001/images/primary/000042.jpg,/home/ubuntu/a0509_vla_linux_field_bundle_20260903/lhj/phase11_sim_condition_replication/real_dataset/extra_object/episodes/episode_000001/images/primary/000042.jpg
extra_object,episode_000001,43,43,lift,0.625,0.625,0.0,0.0003882563953891416,8.60633012605831,8.605768541106954,-0.0005615849513560534,/home/ubuntu/a0509_vla_linux_field_bundle_20260903/lhj/phase11_sim_condition_replication/real_dataset/baseline/episodes/episode_000001/images/primary/000043.jpg,/home/ubuntu/a0509_vla_linux_field_bundle_20260903/lhj/phase11_sim_condition_replication/real_dataset/extra_object/episodes/episode_000001/images/primary/000043.jpg
extra_object,episode_000001,44,44,lift,0.75,0.75,0.0,0.00037528487430860125,8.806412013946101,8.805978931952268,-0.00043308199383318424,/home/ubuntu/a0509_vla_linux_field_bundle_20260903/lhj/phase11_sim_condition_replication/real_dataset/baseline/episodes/episode_000001/images/primary/000044.jpg,/home/ubuntu/a0509_vla_linux_field_bundle_20260903/lhj/phase11_sim_condition_replication/real_dataset/extra_object/episodes/episode_000001/images/primary/000044.jpg
extra_object,episode_000001,45,45,lift,0.875,0.875,0.0,0.0005528570840933056,9.008942139102146,9.005651473999023,-0.003290665103122592,/home/ubuntu/a0509_vla_linux_field_bundle_20260903/lhj/phase11_sim_condition_replication/real_dataset/baseline/episodes/episode_000001/images/primary/000045.jpg,/home/ubuntu/a0509_vla_linux_field_bundle_20260903/lhj/phase11_sim_condition_replication/real_dataset/extra_object/episodes/episode_000001/images/primary/000045.jpg
extra_object,episode_000001,46,46,lift,1.0,1.0,0.0,0.0003280939880557776,9.206081212032586,9.206238202052191,0.0001569900196045637,/home/ubuntu/a0509_vla_linux_field_bundle_20260903/lhj/phase11_sim_condition_replication/real_dataset/baseline/episodes/episode_000001/images/primary/000046.jpg,/home/ubuntu/a0509_vla_linux_field_bundle_20260903/lhj/phase11_sim_condition_replication/real_dataset/extra_object/episodes/episode_000001/images/primary/000046.jpg
extra_object,episode_000002,0,0,hold,0.0,0.0,0.0,0.0,0.010748162865638733,0.011075108079239726,0.00032694521360099316,/home/ubuntu/a0509_vla_linux_field_bundle_20260903/lhj/phase11_sim_condition_replication/real_dataset/baseline/episodes/episode_000002/images/primary/000000.jpg,/home/ubuntu/a0509_vla_linux_field_bundle_20260903/lhj/phase11_sim_condition_replication/real_dataset/extra_object/episodes/episode_000002/images/primary/000000.jpg
extra_object,episode_000002,1,1,hold,1.0,1.0,0.0,0.0,0.20685662096366286,0.20730963698588312,0.00045301602222025394,/home/ubuntu/a0509_vla_linux_field_bundle_20260903/lhj/phase11_sim_condition_replication/real_dataset/baseline/episodes/episode_000002/images/primary/000001.jpg,/home/ubuntu/a0509_vla_linux_field_bundle_20260903/lhj/phase11_sim_condition_replication/real_dataset/extra_object/episodes/episode_000002/images/primary/000001.jpg
extra_object,episode_000002,2,2,alignment,0.0,0.0,0.0,0.0002156932029403486,0.4075704689603299,0.40641135815531015,-0.0011591108050197363,/home/ubuntu/a0509_vla_linux_field_bundle_20260903/lhj/phase11_sim_condition_replication/real_dataset/baseline/episodes/episode_000002/images/primary/000002.jpg,/home/ubuntu/a0509_vla_linux_field_bundle_20260903/lhj/phase11_sim_condition_replication/real_dataset/extra_object/episodes/episode_000002/images/primary/000002.jpg
extra_object,episode_000002,3,3,alignment,0.058823529411764705,0.058823529411764705,0.0,0.00010213792464465858,0.6062069449108094,0.6074619030114263,0.001254958100616932,/home/ubuntu/a0509_vla_linux_field_bundle_20260903/lhj/phase11_sim_condition_replication/real_dataset/baseline/episodes/episode_000002/images/primary/000003.jpg,/home/ubuntu/a0509_vla_linux_field_bundle_20260903/lhj/phase11_sim_condition_replication/real_dataset/extra_object/episodes/episode_000002/images/primary/000003.jpg
extra_object,episode_000002,4,4,alignment,0.11764705882352941,0.11764705882352941,0.0,0.00041326837644706493,0.808619098039344,0.8061387510970235,-0.002480346942320466,/home/ubuntu/a0509_vla_linux_field_bundle_20260903/lhj/phase11_sim_condition_replication/real_dataset/baseline/episodes/episode_000002/images/primary/000004.jpg,/home/ubuntu/a0509_vla_linux_field_bundle_20260903/lhj/phase11_sim_condition_replication/real_dataset/extra_object/episodes/episode_000002/images/primary/000004.jpg
extra_object,episode_000002,5,5,alignment,0.17647058823529413,0.17647058823529413,0.0,0.0001291958288490889,1.0068287700414658,1.0065131520386785,-0.0003156180027872324,/home/ubuntu/a0509_vla_linux_field_bundle_20260903/lhj/phase11_sim_condition_replication/real_dataset/baseline/episodes/episode_000002/images/primary/000005.jpg,/home/ubuntu/a0509_vla_linux_field_bundle_20260903/lhj/phase11_sim_condition_replication/real_dataset/extra_object/episodes/episode_000002/images/primary/000005.jpg
extra_object,episode_000002,6,6,alignment,0.23529411764705882,0.23529411764705882,0.0,0.00041431033743482567,1.2089580448810011,1.2066069580614567,-0.0023510868195444345,/home/ubuntu/a0509_vla_linux_field_bundle_20260903/lhj/phase11_sim_condition_replication/real_dataset/baseline/episodes/episode_000002/images/primary/000006.jpg,/home/ubuntu/a0509_vla_linux_field_bundle_20260903/lhj/phase11_sim_condition_replication/real_dataset/extra_object/episodes/episode_000002/images/primary/000006.jpg
extra_object,episode_000002,7,7,alignment,0.29411764705882354,0.29411764705882354,0.0,6.320148625874393e-05,1.4071631289552897,1.408404670190066,0.0012415412347763777,/home/ubuntu/a0509_vla_linux_field_bundle_20260903/lhj/phase11_sim_condition_replication/real_dataset/baseline/episodes/episode_000002/images/primary/000007.jpg,/home/ubuntu/a0509_vla_linux_field_bundle_20260903/lhj/phase11_sim_condition_replication/real_dataset/extra_object/episodes/episode_000002/images/primary/000007.jpg
extra_object,episode_000002,8,8,alignment,0.35294117647058826,0.35294117647058826,0.0,2.41156246216033e-05,1.605576687026769,1.6062415591441095,0.0006648721173405647,/home/ubuntu/a0509_vla_linux_field_bundle_20260903/lhj/phase11_sim_condition_replication/real_dataset/baseline/episodes/episode_000002/images/primary/000008.jpg,/home/ubuntu/a0509_vla_linux_field_bundle_20260903/lhj/phase11_sim_condition_replication/real_dataset/extra_object/episodes/episode_000002/images/primary/000008.jpg
extra_object,episode_000002,9,9,alignment,0.4117647058823529,0.4117647058823529,0.0,6.53501207744533e-05,1.8057977240532637,1.8062267110217363,0.0004289869684726,/home/ubuntu/a0509_vla_linux_field_bundle_20260903/lhj/phase11_sim_condition_replication/real_dataset/baseline/episodes/episode_000002/images/primary/000009.jpg,/home/ubuntu/a0509_vla_linux_field_bundle_20260903/lhj/phase11_sim_condition_replication/real_dataset/extra_object/episodes/episode_000002/images/primary/000009.jpg
extra_object,episode_000002,10,10,alignment,0.47058823529411764,0.47058823529411764,0.0,0.00030355589697243296,2.007869469933212,2.0066092321649194,-0.001260237768292427,/home/ubuntu/a0509_vla_linux_field_bundle_20260903/lhj/phase11_sim_condition_replication/real_dataset/baseline/episodes/episode_000002/images/primary/000010.jpg,/home/ubuntu/a0509_vla_linux_field_bundle_20260903/lhj/phase11_sim_condition_replication/real_dataset/extra_object/episodes/episode_000002/images/primary/000010.jpg
extra_object,episode_000002,11,11,alignment,0.5294117647058824,0.5294117647058824,0.0,0.00011659916362916157,2.206066549057141,2.207975549157709,0.001909000100567937,/home/ubuntu/a0509_vla_linux_field_bundle_20260903/lhj/phase11_sim_condition_replication/real_dataset/baseline/episodes/episode_000002/images/primary/000011.jpg,/home/ubuntu/a0509_vla_linux_field_bundle_20260903/lhj/phase11_sim_condition_replication/real_dataset/extra_object/episodes/episode_000002/images/primary/000011.jpg
extra_object,episode_000002,12,12,alignment,0.5882352941176471,0.5882352941176471,0.0,0.00031391930768185315,2.4069789960049093,2.4057787901256233,-0.0012002058792859316,/home/ubuntu/a0509_vla_linux_field_bundle_20260903/lhj/phase11_sim_condition_replication/real_dataset/baseline/episodes/episode_000002/images/primary/000012.jpg,/home/ubuntu/a0509_vla_linux_field_bundle_20260903/lhj/phase11_sim_condition_replication/real_dataset/extra_object/episodes/episode_000002/images/primary/000012.jpg
extra_object,episode_000002,13,13,alignment,0.6470588235294118,0.6470588235294118,0.0,8.380748210694273e-05,2.6078228938858956,2.608389999018982,0.000567105133086443,/home/ubuntu/a0509_vla_linux_field_bundle_20260903/lhj/phase11_sim_condition_replication/real_dataset/baseline/episodes/episode_000002/images/primary/000013.jpg,/home/ubuntu/a0509_vla_linux_field_bundle_20260903/lhj/phase11_sim_condition_replication/real_dataset/extra_object/episodes/episode_000002/images/primary/000013.jpg
extra_object,episode_000002,14,14,alignment,0.7058823529411765,0.7058823529411765,0.0,1.2689483360415902e-05,2.8055110319983214,2.8066707320977002,0.0011597000993788242,/home/ubuntu/a0509_vla_linux_field_bundle_20260903/lhj/phase11_sim_condition_replication/real_dataset/baseline/episodes/episode_000002/images/primary/000014.jpg,/home/ubuntu/a0509_vla_linux_field_bundle_20260903/lhj/phase11_sim_condition_replication/real_dataset/extra_object/episodes/episode_000002/images/primary/000014.jpg
extra_object,episode_000002,15,15,alignment,0.7647058823529411,0.7647058823529411,0.0,0.0011415379673501745,3.0161829139105976,3.009081920143217,-0.007100993767380714,/home/ubuntu/a0509_vla_linux_field_bundle_20260903/lhj/phase11_sim_condition_replication/real_dataset/baseline/episodes/episode_000002/images/primary/000015.jpg,/home/ubuntu/a0509_vla_linux_field_bundle_20260903/lhj/phase11_sim_condition_replication/real_dataset/extra_object/episodes/episode_000002/images/primary/000015.jpg
extra_object,episode_000002,16,16,alignment,0.8235294117647058,0.8235294117647058,0.0,0.00013180176760315307,3.2067668768577278,3.207184597151354,0.00041772029362618923,/home/ubuntu/a0509_vla_linux_field_bundle_20260903/lhj/phase11_sim_condition_replication/real_dataset/baseline/episodes/episode_000002/images/primary/000016.jpg,/home/ubuntu/a0509_vla_linux_field_bundle_20260903/lhj/phase11_sim_condition_replication/real_dataset/extra_object/episodes/episode_000002/images/primary/000016.jpg
extra_object,episode_000002,17,17,alignment,0.8823529411764706,0.8823529411764706,0.0,0.0005039322052973265,3.408906760858372,3.4066466949880123,-0.00226006587035954,/home/ubuntu/a0509_vla_linux_field_bundle_20260903/lhj/phase11_sim_condition_replication/real_dataset/baseline/episodes/episode_000002/images/primary/000017.jpg,/home/ubuntu/a0509_vla_linux_field_bundle_20260903/lhj/phase11_sim_condition_replication/real_dataset/extra_object/episodes/episode_000002/images/primary/000017.jpg
extra_object,episode_000002,18,18,alignment,0.9411764705882353,0.9411764705882353,0.0,0.0005678651872492152,3.611251571914181,3.6085887951776385,-0.0026627767365425825,/home/ubuntu/a0509_vla_linux_field_bundle_20260903/lhj/phase11_sim_condition_replication/real_dataset/baseline/episodes/episode_000002/images/primary/000018.jpg,/home/ubuntu/a0509_vla_linux_field_bundle_20260903/lhj/phase11_sim_condition_replication/real_dataset/extra_object/episodes/episode_000002/images/primary/000018.jpg
extra_object,episode_000002,19,19,alignment,1.0,1.0,0.0,9.14453827539445e-05,3.8070386429317296,3.807959606172517,0.0009209632407873869,/home/ubuntu/a0509_vla_linux_field_bundle_20260903/lhj/phase11_sim_condition_replication/real_dataset/baseline/episodes/episode_000002/images/primary/000019.jpg,/home/ubuntu/a0509_vla_linux_field_bundle_20260903/lhj/phase11_sim_condition_replication/real_dataset/extra_object/episodes/episode_000002/images/primary/000019.jpg
extra_object,episode_000002,20,20,descent_to_grasp,0.0,0.0,0.0,0.00017065381866684126,4.007425867021084,4.006535420194268,-0.0008904468268156052,/home/ubuntu/a0509_vla_linux_field_bundle_20260903/lhj/phase11_sim_condition_replication/real_dataset/baseline/episodes/episode_000002/images/primary/000020.jpg,/home/ubuntu/a0509_vla_linux_field_bundle_20260903/lhj/phase11_sim_condition_replication/real_dataset/extra_object/episodes/episode_000002/images/primary/000020.jpg
extra_object,episode_000002,21,21,descent_to_grasp,0.125,0.125,0.0,0.00016329463287503862,4.207641263026744,4.206535115139559,-0.001106147887185216,/home/ubuntu/a0509_vla_linux_field_bundle_20260903/lhj/phase11_sim_condition_replication/real_dataset/baseline/episodes/episode_000002/images/primary/000021.jpg,/home/ubuntu/a0509_vla_linux_field_bundle_20260903/lhj/phase11_sim_condition_replication/real_dataset/extra_object/episodes/episode_000002/images/primary/000021.jpg
extra_object,episode_000002,22,22,descent_to_grasp,0.25,0.25,0.0,0.0004967595010599144,4.412648255005479,4.4063345671165735,-0.006313687888905406,/home/ubuntu/a0509_vla_linux_field_bundle_20260903/lhj/phase11_sim_condition_replication/real_dataset/baseline/episodes/episode_000002/images/primary/000022.jpg,/home/ubuntu/a0509_vla_linux_field_bundle_20260903/lhj/phase11_sim_condition_replication/real_dataset/extra_object/episodes/episode_000002/images/primary/000022.jpg
extra_object,episode_000002,23,23,descent_to_grasp,0.375,0.375,0.0,0.00042681055716532897,4.605588546954095,4.612469278974459,0.006880732020363212,/home/ubuntu/a0509_vla_linux_field_bundle_20260903/lhj/phase11_sim_condition_replication/real_dataset/baseline/episodes/episode_000002/images/primary/000023.jpg,/home/ubuntu/a0509_vla_linux_field_bundle_20260903/lhj/phase11_sim_condition_replication/real_dataset/extra_object/episodes/episode_000002/images/primary/000023.jpg
extra_object,episode_000002,24,24,descent_to_grasp,0.5,0.5,0.0,3.6275434835565986e-05,4.807207016041502,4.8080511030275375,0.0008440869860351086,/home/ubuntu/a0509_vla_linux_field_bundle_20260903/lhj/phase11_sim_condition_replication/real_dataset/baseline/episodes/episode_000002/images/primary/000024.jpg,/home/ubuntu/a0509_vla_linux_field_bundle_20260903/lhj/phase11_sim_condition_replication/real_dataset/extra_object/episodes/episode_000002/images/primary/000024.jpg
extra_object,episode_000002,25,25,descent_to_grasp,0.625,0.625,0.0,9.193365848345456e-05,5.008504183962941,5.007148316130042,-0.0013558678328990936,/home/ubuntu/a0509_vla_linux_field_bundle_20260903/lhj/phase11_sim_condition_replication/real_dataset/baseline/episodes/episode_000002/images/primary/000025.jpg,/home/ubuntu/a0509_vla_linux_field_bundle_20260903/lhj/phase11_sim_condition_replication/real_dataset/extra_object/episodes/episode_000002/images/primary/000025.jpg
extra_object,episode_000002,26,26,descent_to_grasp,0.75,0.75,0.0,5.5529273072619e-06,5.20760643389076,5.207192248199135,-0.00041418569162487984,/home/ubuntu/a0509_vla_linux_field_bundle_20260903/lhj/phase11_sim_condition_replication/real_dataset/baseline/episodes/episode_000002/images/primary/000026.jpg,/home/ubuntu/a0509_vla_linux_field_bundle_20260903/lhj/phase11_sim_condition_replication/real_dataset/extra_object/episodes/episode_000002/images/primary/000026.jpg
extra_object,episode_000002,27,27,descent_to_grasp,0.875,0.875,0.0,0.00011592511215906551,5.408523174002767,5.406170489033684,-0.0023526849690824747,/home/ubuntu/a0509_vla_linux_field_bundle_20260903/lhj/phase11_sim_condition_replication/real_dataset/baseline/episodes/episode_000002/images/primary/000027.jpg,/home/ubuntu/a0509_vla_linux_field_bundle_20260903/lhj/phase11_sim_condition_replication/real_dataset/extra_object/episodes/episode_000002/images/primary/000027.jpg
extra_object,episode_000002,28,28,descent_to_grasp,1.0,1.0,0.0,9.29597979222809e-05,5.606417082017288,5.60679949214682,0.000382410129532218,/home/ubuntu/a0509_vla_linux_field_bundle_20260903/lhj/phase11_sim_condition_replication/real_dataset/baseline/episodes/episode_000002/images/primary/000028.jpg,/home/ubuntu/a0509_vla_linux_field_bundle_20260903/lhj/phase11_sim_condition_replication/real_dataset/extra_object/episodes/episode_000002/images/primary/000028.jpg
extra_object,episode_000002,29,29,grasp_close,0.0,0.0,0.0,0.0,5.806829740060493,5.8065936581697315,-0.00023608189076185226,/home/ubuntu/a0509_vla_linux_field_bundle_20260903/lhj/phase11_sim_condition_replication/real_dataset/baseline/episodes/episode_000002/images/primary/000029.jpg,/home/ubuntu/a0509_vla_linux_field_bundle_20260903/lhj/phase11_sim_condition_replication/real_dataset/extra_object/episodes/episode_000002/images/primary/000029.jpg
extra_object,episode_000002,30,30,grasp_close,0.1111111111111111,0.1111111111111111,0.0,0.0,6.008716550888494,6.006119213998318,-0.0025973368901759386,/home/ubuntu/a0509_vla_linux_field_bundle_20260903/lhj/phase11_sim_condition_replication/real_dataset/baseline/episodes/episode_000002/images/primary/000030.jpg,/home/ubuntu/a0509_vla_linux_field_bundle_20260903/lhj/phase11_sim_condition_replication/real_dataset/extra_object/episodes/episode_000002/images/primary/000030.jpg
extra_object,episode_000002,31,31,grasp_close,0.2222222222222222,0.2222222222222222,0.0,0.0,6.206542590865865,6.213132543023676,0.00658995215781033,/home/ubuntu/a0509_vla_linux_field_bundle_20260903/lhj/phase11_sim_condition_replication/real_dataset/baseline/episodes/episode_000002/images/primary/000031.jpg,/home/ubuntu/a0509_vla_linux_field_bundle_20260903/lhj/phase11_sim_condition_replication/real_dataset/extra_object/episodes/episode_000002/images/primary/000031.jpg
extra_object,episode_000002,32,32,grasp_close,0.3333333333333333,0.3333333333333333,0.0,0.0,6.40689897001721,6.405845902161673,-0.0010530678555369377,/home/ubuntu/a0509_vla_linux_field_bundle_20260903/lhj/phase11_sim_condition_replication/real_dataset/baseline/episodes/episode_000002/images/primary/000032.jpg,/home/ubuntu/a0509_vla_linux_field_bundle_20260903/lhj/phase11_sim_condition_replication/real_dataset/extra_object/episodes/episode_000002/images/primary/000032.jpg
extra_object,episode_000002,33,33,grasp_close,0.4444444444444444,0.4444444444444444,0.0,0.0,6.606206509983167,6.606827573152259,0.0006210631690919399,/home/ubuntu/a0509_vla_linux_field_bundle_20260903/lhj/phase11_sim_condition_replication/real_dataset/baseline/episodes/episode_000002/images/primary/000033.jpg,/home/ubuntu/a0509_vla_linux_field_bundle_20260903/lhj/phase11_sim_condition_replication/real_dataset/extra_object/episodes/episode_000002/images/primary/000033.jpg
extra_object,episode_000002,34,34,grasp_close,0.5555555555555556,0.5555555555555556,0.0,0.0,6.807834794046357,6.808751488104463,0.0009166940581053495,/home/ubuntu/a0509_vla_linux_field_bundle_20260903/lhj/phase11_sim_condition_replication/real_dataset/baseline/episodes/episode_000002/images/primary/000034.jpg,/home/ubuntu/a0509_vla_linux_field_bundle_20260903/lhj/phase11_sim_condition_replication/real_dataset/extra_object/episodes/episode_000002/images/primary/000034.jpg
extra_object,episode_000002,35,35,grasp_close,0.6666666666666666,0.6666666666666666,0.0,0.0,7.0098077559378,7.00883273803629,-0.0009750179015100002,/home/ubuntu/a0509_vla_linux_field_bundle_20260903/lhj/phase11_sim_condition_replication/real_dataset/baseline/episodes/episode_000002/images/primary/000035.jpg,/home/ubuntu/a0509_vla_linux_field_bundle_20260903/lhj/phase11_sim_condition_replication/real_dataset/extra_object/episodes/episode_000002/images/primary/000035.jpg
extra_object,episode_000002,36,36,grasp_close,0.7777777777777778,0.7777777777777778,0.0,0.0,7.2071409788914025,7.210317073157057,0.003176094265654683,/home/ubuntu/a0509_vla_linux_field_bundle_20260903/lhj/phase11_sim_condition_replication/real_dataset/baseline/episodes/episode_000002/images/primary/000036.jpg,/home/ubuntu/a0509_vla_linux_field_bundle_20260903/lhj/phase11_sim_condition_replication/real_dataset/extra_object/episodes/episode_000002/images/primary/000036.jpg
extra_object,episode_000002,37,37,grasp_close,0.8888888888888888,0.8888888888888888,0.0,0.0,7.40772069292143,7.407118306029588,-0.0006023868918418884,/home/ubuntu/a0509_vla_linux_field_bundle_20260903/lhj/phase11_sim_condition_replication/real_dataset/baseline/episodes/episode_000002/images/primary/000037.jpg,/home/ubuntu/a0509_vla_linux_field_bundle_20260903/lhj/phase11_sim_condition_replication/real_dataset/extra_object/episodes/episode_000002/images/primary/000037.jpg
extra_object,episode_000002,38,38,grasp_close,1.0,1.0,0.0,0.0,7.607802111888304,7.606314624194056,-0.001487487694248557,/home/ubuntu/a0509_vla_linux_field_bundle_20260903/lhj/phase11_sim_condition_replication/real_dataset/baseline/episodes/episode_000002/images/primary/000038.jpg,/home/ubuntu/a0509_vla_linux_field_bundle_20260903/lhj/phase11_sim_condition_replication/real_dataset/extra_object/episodes/episode_000002/images/primary/000038.jpg
extra_object,episode_000002,39,39,lift,0.0,0.0,0.0,0.00019980987934548056,7.808420154964551,7.806746304035187,-0.001673850929364562,/home/ubuntu/a0509_vla_linux_field_bundle_20260903/lhj/phase11_sim_condition_replication/real_dataset/baseline/episodes/episode_000002/images/primary/000039.jpg,/home/ubuntu/a0509_vla_linux_field_bundle_20260903/lhj/phase11_sim_condition_replication/real_dataset/extra_object/episodes/episode_000002/images/primary/000039.jpg
extra_object,episode_000002,40,40,lift,0.14285714285714285,0.14285714285714285,0.0,0.0001880942603160185,8.010854789987206,8.015185552183539,0.004330762196332216,/home/ubuntu/a0509_vla_linux_field_bundle_20260903/lhj/phase11_sim_condition_replication/real_dataset/baseline/episodes/episode_000002/images/primary/000040.jpg,/home/ubuntu/a0509_vla_linux_field_bundle_20260903/lhj/phase11_sim_condition_replication/real_dataset/extra_object/episodes/episode_000002/images/primary/000040.jpg
extra_object,episode_000002,41,41,lift,0.2857142857142857,0.2857142857142857,0.0,2.233016783037556e-06,8.2081122410018,8.209416305180639,0.001304064178839326,/home/ubuntu/a0509_vla_linux_field_bundle_20260903/lhj/phase11_sim_condition_replication/real_dataset/baseline/episodes/episode_000002/images/primary/000041.jpg,/home/ubuntu/a0509_vla_linux_field_bundle_20260903/lhj/phase11_sim_condition_replication/real_dataset/extra_object/episodes/episode_000002/images/primary/000041.jpg
extra_object,episode_000002,42,42,lift,0.42857142857142855,0.42857142857142855,0.0,6.777504837990334e-05,8.40822334587574,8.408449243055657,0.00022589717991650105,/home/ubuntu/a0509_vla_linux_field_bundle_20260903/lhj/phase11_sim_condition_replication/real_dataset/baseline/episodes/episode_000002/images/primary/000042.jpg,/home/ubuntu/a0509_vla_linux_field_bundle_20260903/lhj/phase11_sim_condition_replication/real_dataset/extra_object/episodes/episode_000002/images/primary/000042.jpg
extra_object,episode_000002,43,43,lift,0.5714285714285714,0.5714285714285714,0.0,0.00014318812472063902,8.607261358061805,8.606255181133747,-0.0010061769280582666,/home/ubuntu/a0509_vla_linux_field_bundle_20260903/lhj/phase11_sim_condition_replication/real_dataset/baseline/episodes/episode_000002/images/primary/000043.jpg,/home/ubuntu/a0509_vla_linux_field_bundle_20260903/lhj/phase11_sim_condition_replication/real_dataset/extra_object/episodes/episode_000002/images/primary/000043.jpg
extra_object,episode_000002,44,44,lift,0.7142857142857143,0.7142857142857143,0.0,7.555072526022055e-05,8.806994170881808,8.806990363169461,-3.807712346315384e-06,/home/ubuntu/a0509_vla_linux_field_bundle_20260903/lhj/phase11_sim_condition_replication/real_dataset/baseline/episodes/episode_000002/images/primary/000044.jpg,/home/ubuntu/a0509_vla_linux_field_bundle_20260903/lhj/phase11_sim_condition_replication/real_dataset/extra_object/episodes/episode_000002/images/primary/000044.jpg
extra_object,episode_000002,45,45,lift,0.8571428571428571,0.8571428571428571,0.0,0.00032682357084767855,9.010220275959,9.006236102199182,-0.003984173759818077,/home/ubuntu/a0509_vla_linux_field_bundle_20260903/lhj/phase11_sim_condition_replication/real_dataset/baseline/episodes/episode_000002/images/primary/000045.jpg,/home/ubuntu/a0509_vla_linux_field_bundle_20260903/lhj/phase11_sim_condition_replication/real_dataset/extra_object/episodes/episode_000002/images/primary/000045.jpg
extra_object,episode_000002,46,46,lift,1.0,1.0,0.0,7.827112014352489e-05,9.207315096864477,9.2096055240836,0.0022904272191226482,/home/ubuntu/a0509_vla_linux_field_bundle_20260903/lhj/phase11_sim_condition_replication/real_dataset/baseline/episodes/episode_000002/images/primary/000046.jpg,/home/ubuntu/a0509_vla_linux_field_bundle_20260903/lhj/phase11_sim_condition_replication/real_dataset/extra_object/episodes/episode_000002/images/primary/000046.jpg
extra_object,episode_000003,0,0,hold,0.0,0.0,0.0,9.363994030371768e-07,0.009423580020666122,0.00830320199020207,-0.0011203780304640532,/home/ubuntu/a0509_vla_linux_field_bundle_20260903/lhj/phase11_sim_condition_replication/real_dataset/baseline/episodes/episode_000003/images/primary/000000.jpg,/home/ubuntu/a0509_vla_linux_field_bundle_20260903/lhj/phase11_sim_condition_replication/real_dataset/extra_object/episodes/episode_000003/images/primary/000000.jpg
extra_object,episode_000003,1,1,hold,1.0,1.0,0.0,9.363994030371768e-07,0.20912956399843097,0.20662185386754572,-0.0025077101308852434,/home/ubuntu/a0509_vla_linux_field_bundle_20260903/lhj/phase11_sim_condition_replication/real_dataset/baseline/episodes/episode_000003/images/primary/000001.jpg,/home/ubuntu/a0509_vla_linux_field_bundle_20260903/lhj/phase11_sim_condition_replication/real_dataset/extra_object/episodes/episode_000003/images/primary/000001.jpg
extra_object,episode_000003,2,2,alignment,0.0,0.0,0.0,0.0003618054304708757,0.40920318895950913,0.40591078880243003,-0.0032924001570791006,/home/ubuntu/a0509_vla_linux_field_bundle_20260903/lhj/phase11_sim_condition_replication/real_dataset/baseline/episodes/episode_000003/images/primary/000002.jpg,/home/ubuntu/a0509_vla_linux_field_bundle_20260903/lhj/phase11_sim_condition_replication/real_dataset/extra_object/episodes/episode_000003/images/primary/000002.jpg
extra_object,episode_000003,3,3,alignment,0.06666666666666667,0.06666666666666667,0.0,0.0003623375552774573,0.6087354028131813,0.6060037519782782,-0.002731650834903121,/home/ubuntu/a0509_vla_linux_field_bundle_20260903/lhj/phase11_sim_condition_replication/real_dataset/baseline/episodes/episode_000003/images/primary/000003.jpg,/home/ubuntu/a0509_vla_linux_field_bundle_20260903/lhj/phase11_sim_condition_replication/real_dataset/extra_object/episodes/episode_000003/images/primary/000003.jpg
extra_object,episode_000003,4,4,alignment,0.13333333333333333,0.13333333333333333,0.0,6.62837834776466e-05,0.8057060840073973,0.8059099779929966,0.0002038939855992794,/home/ubuntu/a0509_vla_linux_field_bundle_20260903/lhj/phase11_sim_condition_replication/real_dataset/baseline/episodes/episode_000003/images/primary/000004.jpg,/home/ubuntu/a0509_vla_linux_field_bundle_20260903/lhj/phase11_sim_condition_replication/real_dataset/extra_object/episodes/episode_000003/images/primary/000004.jpg
extra_object,episode_000003,5,5,alignment,0.2,0.2,0.0,0.0001296303602685742,1.005664066877216,1.0059254048392177,0.0002613379620015621,/home/ubuntu/a0509_vla_linux_field_bundle_20260903/lhj/phase11_sim_condition_replication/real_dataset/baseline/episodes/episode_000003/images/primary/000005.jpg,/home/ubuntu/a0509_vla_linux_field_bundle_20260903/lhj/phase11_sim_condition_replication/real_dataset/extra_object/episodes/episode_000003/images/primary/000005.jpg
extra_object,episode_000003,6,6,alignment,0.26666666666666666,0.26666666666666666,0.0,1.9638562669504557e-05,1.205521090887487,1.2075471198186278,0.0020260289311408997,/home/ubuntu/a0509_vla_linux_field_bundle_20260903/lhj/phase11_sim_condition_replication/real_dataset/baseline/episodes/episode_000003/images/primary/000006.jpg,/home/ubuntu/a0509_vla_linux_field_bundle_20260903/lhj/phase11_sim_condition_replication/real_dataset/extra_object/episodes/episode_000003/images/primary/000006.jpg
extra_object,episode_000003,7,7,alignment,0.3333333333333333,0.3333333333333333,0.0,0.00018823574967809052,1.4060329739004374,1.4069573588203639,0.0009243849199265242,/home/ubuntu/a0509_vla_linux_field_bundle_20260903/lhj/phase11_sim_condition_replication/real_dataset/baseline/episodes/episode_000003/images/primary/000007.jpg,/home/ubuntu/a0509_vla_linux_field_bundle_20260903/lhj/phase11_sim_condition_replication/real_dataset/extra_object/episodes/episode_000003/images/primary/000007.jpg
extra_object,episode_000003,8,8,alignment,0.4,0.4,0.0,0.0003721567254503718,1.6058726999908686,1.6058858199976385,1.3120006769895554e-05,/home/ubuntu/a0509_vla_linux_field_bundle_20260903/lhj/phase11_sim_condition_replication/real_dataset/baseline/episodes/episode_000003/images/primary/000008.jpg,/home/ubuntu/a0509_vla_linux_field_bundle_20260903/lhj/phase11_sim_condition_replication/real_dataset/extra_object/episodes/episode_000003/images/primary/000008.jpg
extra_object,episode_000003,9,9,alignment,0.4666666666666667,0.4666666666666667,0.0,0.0005065442429433162,1.809054268989712,1.8085634168237448,-0.000490852165967226,/home/ubuntu/a0509_vla_linux_field_bundle_20260903/lhj/phase11_sim_condition_replication/real_dataset/baseline/episodes/episode_000003/images/primary/000009.jpg,/home/ubuntu/a0509_vla_linux_field_bundle_20260903/lhj/phase11_sim_condition_replication/real_dataset/extra_object/episodes/episode_000003/images/primary/000009.jpg
extra_object,episode_000003,10,10,alignment,0.5333333333333333,0.5333333333333333,0.0,0.0004345859935303891,2.006263092858717,2.006908615818247,0.0006455229595303535,/home/ubuntu/a0509_vla_linux_field_bundle_20260903/lhj/phase11_sim_condition_replication/real_dataset/baseline/episodes/episode_000003/images/primary/000010.jpg,/home/ubuntu/a0509_vla_linux_field_bundle_20260903/lhj/phase11_sim_condition_replication/real_dataset/extra_object/episodes/episode_000003/images/primary/000010.jpg
extra_object,episode_000003,11,11,alignment,0.6,0.6,0.0,0.0010268102886133192,2.209464320912957,2.2059288260061294,-0.0035354949068278074,/home/ubuntu/a0509_vla_linux_field_bundle_20260903/lhj/phase11_sim_condition_replication/real_dataset/baseline/episodes/episode_000003/images/primary/000011.jpg,/home/ubuntu/a0509_vla_linux_field_bundle_20260903/lhj/phase11_sim_condition_replication/real_dataset/extra_object/episodes/episode_000003/images/primary/000011.jpg
extra_object,episode_000003,12,12,alignment,0.6666666666666666,0.6666666666666666,0.0,0.0009657146299493892,2.408597848843783,2.4061169368214905,-0.002480912022292614,/home/ubuntu/a0509_vla_linux_field_bundle_20260903/lhj/phase11_sim_condition_replication/real_dataset/baseline/episodes/episode_000003/images/primary/000012.jpg,/home/ubuntu/a0509_vla_linux_field_bundle_20260903/lhj/phase11_sim_condition_replication/real_dataset/extra_object/episodes/episode_000003/images/primary/000012.jpg
extra_object,episode_000003,13,13,alignment,0.7333333333333333,0.7333333333333333,0.0,0.00038270729328271564,2.611513383919373,2.614289481891319,0.002776097971946001,/home/ubuntu/a0509_vla_linux_field_bundle_20260903/lhj/phase11_sim_condition_replication/real_dataset/baseline/episodes/episode_000003/images/primary/000013.jpg,/home/ubuntu/a0509_vla_linux_field_bundle_20260903/lhj/phase11_sim_condition_replication/real_dataset/extra_object/episodes/episode_000003/images/primary/000013.jpg
extra_object,episode_000003,14,14,alignment,0.8,0.8,0.0,0.001338693705187842,2.809982994804159,2.8056431328877807,-0.0043398619163781404,/home/ubuntu/a0509_vla_linux_field_bundle_20260903/lhj/phase11_sim_condition_replication/real_dataset/baseline/episodes/episode_000003/images/primary/000014.jpg,/home/ubuntu/a0509_vla_linux_field_bundle_20260903/lhj/phase11_sim_condition_replication/real_dataset/extra_object/episodes/episode_000003/images/primary/000014.jpg
extra_object,episode_000003,15,15,alignment,0.8666666666666667,0.8666666666666667,0.0,0.0008898591196434376,3.0062740929424763,3.006094877840951,-0.0001792151015251875,/home/ubuntu/a0509_vla_linux_field_bundle_20260903/lhj/phase11_sim_condition_replication/real_dataset/baseline/episodes/episode_000003/images/primary/000015.jpg,/home/ubuntu/a0509_vla_linux_field_bundle_20260903/lhj/phase11_sim_condition_replication/real_dataset/extra_object/episodes/episode_000003/images/primary/000015.jpg
extra_object,episode_000003,16,16,alignment,0.9333333333333333,0.9333333333333333,0.0,0.00106566882267765,3.206659847870469,3.2056360638234764,-0.0010237840469926596,/home/ubuntu/a0509_vla_linux_field_bundle_20260903/lhj/phase11_sim_condition_replication/real_dataset/baseline/episodes/episode_000003/images/primary/000016.jpg,/home/ubuntu/a0509_vla_linux_field_bundle_20260903/lhj/phase11_sim_condition_replication/real_dataset/extra_object/episodes/episode_000003/images/primary/000016.jpg
extra_object,episode_000003,17,17,alignment,1.0,1.0,0.0,0.0011725073708920867,3.4078508988022804,3.4065387658774853,-0.0013121329247951508,/home/ubuntu/a0509_vla_linux_field_bundle_20260903/lhj/phase11_sim_condition_replication/real_dataset/baseline/episodes/episode_000003/images/primary/000017.jpg,/home/ubuntu/a0509_vla_linux_field_bundle_20260903/lhj/phase11_sim_condition_replication/real_dataset/extra_object/episodes/episode_000003/images/primary/000017.jpg
extra_object,episode_000003,18,18,descent_to_grasp,0.0,0.0,0.0,0.0005002567161341069,3.605746430810541,3.606306128902361,0.0005596980918198824,/home/ubuntu/a0509_vla_linux_field_bundle_20260903/lhj/phase11_sim_condition_replication/real_dataset/baseline/episodes/episode_000003/images/primary/000018.jpg,/home/ubuntu/a0509_vla_linux_field_bundle_20260903/lhj/phase11_sim_condition_replication/real_dataset/extra_object/episodes/episode_000003/images/primary/000018.jpg
extra_object,episode_000003,19,19,descent_to_grasp,0.14285714285714285,0.14285714285714285,0.0,0.000587848992970173,3.8071788598317653,3.8056974068749696,-0.0014814529567956924,/home/ubuntu/a0509_vla_linux_field_bundle_20260903/lhj/phase11_sim_condition_replication/real_dataset/baseline/episodes/episode_000003/images/primary/000019.jpg,/home/ubuntu/a0509_vla_linux_field_bundle_20260903/lhj/phase11_sim_condition_replication/real_dataset/extra_object/episodes/episode_000003/images/primary/000019.jpg
extra_object,episode_000003,20,20,descent_to_grasp,0.2857142857142857,0.2857142857142857,0.0,0.0004816787036819133,4.006364258006215,4.00567625882104,-0.0006879991851747036,/home/ubuntu/a0509_vla_linux_field_bundle_20260903/lhj/phase11_sim_condition_replication/real_dataset/baseline/episodes/episode_000003/images/primary/000020.jpg,/home/ubuntu/a0509_vla_linux_field_bundle_20260903/lhj/phase11_sim_condition_replication/real_dataset/extra_object/episodes/episode_000003/images/primary/000020.jpg
extra_object,episode_000003,21,21,descent_to_grasp,0.42857142857142855,0.42857142857142855,0.0,0.00037407916435007156,4.2057825059164315,4.205907923867926,0.00012541795149445534,/home/ubuntu/a0509_vla_linux_field_bundle_20260903/lhj/phase11_sim_condition_replication/real_dataset/baseline/episodes/episode_000003/images/primary/000021.jpg,/home/ubuntu/a0509_vla_linux_field_bundle_20260903/lhj/phase11_sim_condition_replication/real_dataset/extra_object/episodes/episode_000003/images/primary/000021.jpg
extra_object,episode_000003,22,22,descent_to_grasp,0.5714285714285714,0.5714285714285714,0.0,0.0005237144263433621,4.411305564921349,4.408469408983365,-0.0028361559379845858,/home/ubuntu/a0509_vla_linux_field_bundle_20260903/lhj/phase11_sim_condition_replication/real_dataset/baseline/episodes/episode_000003/images/primary/000022.jpg,/home/ubuntu/a0509_vla_linux_field_bundle_20260903/lhj/phase11_sim_condition_replication/real_dataset/extra_object/episodes/episode_000003/images/primary/000022.jpg
extra_object,episode_000003,23,23,descent_to_grasp,0.7142857142857143,0.7142857142857143,0.0,0.0005542106342493773,4.612312950892374,4.624436684884131,0.012123733991757035,/home/ubuntu/a0509_vla_linux_field_bundle_20260903/lhj/phase11_sim_condition_replication/real_dataset/baseline/episodes/episode_000003/images/primary/000023.jpg,/home/ubuntu/a0509_vla_linux_field_bundle_20260903/lhj/phase11_sim_condition_replication/real_dataset/extra_object/episodes/episode_000003/images/primary/000023.jpg
extra_object,episode_000003,24,24,descent_to_grasp,0.8571428571428571,0.8571428571428571,0.0,4.4763826081075945e-05,4.805717646842822,4.809677782934159,0.003960136091336608,/home/ubuntu/a0509_vla_linux_field_bundle_20260903/lhj/phase11_sim_condition_replication/real_dataset/baseline/episodes/episode_000003/images/primary/000024.jpg,/home/ubuntu/a0509_vla_linux_field_bundle_20260903/lhj/phase11_sim_condition_replication/real_dataset/extra_object/episodes/episode_000003/images/primary/000024.jpg
extra_object,episode_000003,25,25,descent_to_grasp,1.0,1.0,0.0,0.00028390771687388764,5.0075702329631895,5.005971409846097,-0.0015988231170922518,/home/ubuntu/a0509_vla_linux_field_bundle_20260903/lhj/phase11_sim_condition_replication/real_dataset/baseline/episodes/episode_000003/images/primary/000025.jpg,/home/ubuntu/a0509_vla_linux_field_bundle_20260903/lhj/phase11_sim_condition_replication/real_dataset/extra_object/episodes/episode_000003/images/primary/000025.jpg
extra_object,episode_000003,26,26,grasp_close,0.0,0.0,0.0,0.0,5.208204024005681,5.206129219848663,-0.0020748041570186615,/home/ubuntu/a0509_vla_linux_field_bundle_20260903/lhj/phase11_sim_condition_replication/real_dataset/baseline/episodes/episode_000003/images/primary/000026.jpg,/home/ubuntu/a0509_vla_linux_field_bundle_20260903/lhj/phase11_sim_condition_replication/real_dataset/extra_object/episodes/episode_000003/images/primary/000026.jpg
extra_object,episode_000003,27,27,grasp_close,0.1111111111111111,0.1111111111111111,0.0,0.0,5.408858294831589,5.406029260950163,-0.0028290338814258575,/home/ubuntu/a0509_vla_linux_field_bundle_20260903/lhj/phase11_sim_condition_replication/real_dataset/baseline/episodes/episode_000003/images/primary/000027.jpg,/home/ubuntu/a0509_vla_linux_field_bundle_20260903/lhj/phase11_sim_condition_replication/real_dataset/extra_object/episodes/episode_000003/images/primary/000027.jpg
extra_object,episode_000003,28,28,grasp_close,0.2222222222222222,0.2222222222222222,0.0,0.0,5.6095838798210025,5.611311483895406,0.0017276040744036436,/home/ubuntu/a0509_vla_linux_field_bundle_20260903/lhj/phase11_sim_condition_replication/real_dataset/baseline/episodes/episode_000003/images/primary/000028.jpg,/home/ubuntu/a0509_vla_linux_field_bundle_20260903/lhj/phase11_sim_condition_replication/real_dataset/extra_object/episodes/episode_000003/images/primary/000028.jpg
extra_object,episode_000003,29,29,grasp_close,0.3333333333333333,0.3333333333333333,0.0,0.0,5.807591572869569,5.806175270816311,-0.001416302053257823,/home/ubuntu/a0509_vla_linux_field_bundle_20260903/lhj/phase11_sim_condition_replication/real_dataset/baseline/episodes/episode_000003/images/primary/000029.jpg,/home/ubuntu/a0509_vla_linux_field_bundle_20260903/lhj/phase11_sim_condition_replication/real_dataset/extra_object/episodes/episode_000003/images/primary/000029.jpg
extra_object,episode_000003,30,30,grasp_close,0.4444444444444444,0.4444444444444444,0.0,0.0,6.007588000968099,6.006328199990094,-0.0012598009780049324,/home/ubuntu/a0509_vla_linux_field_bundle_20260903/lhj/phase11_sim_condition_replication/real_dataset/baseline/episodes/episode_000003/images/primary/000030.jpg,/home/ubuntu/a0509_vla_linux_field_bundle_20260903/lhj/phase11_sim_condition_replication/real_dataset/extra_object/episodes/episode_000003/images/primary/000030.jpg
extra_object,episode_000003,31,31,grasp_close,0.5555555555555556,0.5555555555555556,0.0,0.0,6.2093358968850225,6.206093576969579,-0.003242319915443659,/home/ubuntu/a0509_vla_linux_field_bundle_20260903/lhj/phase11_sim_condition_replication/real_dataset/baseline/episodes/episode_000003/images/primary/000031.jpg,/home/ubuntu/a0509_vla_linux_field_bundle_20260903/lhj/phase11_sim_condition_replication/real_dataset/extra_object/episodes/episode_000003/images/primary/000031.jpg
extra_object,episode_000003,32,32,grasp_close,0.6666666666666666,0.6666666666666666,0.0,0.0,6.405770653858781,6.405881489859894,0.00011083600111305714,/home/ubuntu/a0509_vla_linux_field_bundle_20260903/lhj/phase11_sim_condition_replication/real_dataset/baseline/episodes/episode_000003/images/primary/000032.jpg,/home/ubuntu/a0509_vla_linux_field_bundle_20260903/lhj/phase11_sim_condition_replication/real_dataset/extra_object/episodes/episode_000003/images/primary/000032.jpg
extra_object,episode_000003,33,33,grasp_close,0.7777777777777778,0.7777777777777778,0.0,0.0,6.60807411884889,6.6058660668786615,-0.002208051970228553,/home/ubuntu/a0509_vla_linux_field_bundle_20260903/lhj/phase11_sim_condition_replication/real_dataset/baseline/episodes/episode_000003/images/primary/000033.jpg,/home/ubuntu/a0509_vla_linux_field_bundle_20260903/lhj/phase11_sim_condition_replication/real_dataset/extra_object/episodes/episode_000003/images/primary/000033.jpg
extra_object,episode_000003,34,34,grasp_close,0.8888888888888888,0.8888888888888888,0.0,0.0,6.80959482700564,6.8052872638218105,-0.004307563183829188,/home/ubuntu/a0509_vla_linux_field_bundle_20260903/lhj/phase11_sim_condition_replication/real_dataset/baseline/episodes/episode_000003/images/primary/000034.jpg,/home/ubuntu/a0509_vla_linux_field_bundle_20260903/lhj/phase11_sim_condition_replication/real_dataset/extra_object/episodes/episode_000003/images/primary/000034.jpg
extra_object,episode_000003,35,35,grasp_close,1.0,1.0,0.0,0.0,7.009832894895226,7.009122110903263,-0.0007107839919626713,/home/ubuntu/a0509_vla_linux_field_bundle_20260903/lhj/phase11_sim_condition_replication/real_dataset/baseline/episodes/episode_000003/images/primary/000035.jpg,/home/ubuntu/a0509_vla_linux_field_bundle_20260903/lhj/phase11_sim_condition_replication/real_dataset/extra_object/episodes/episode_000003/images/primary/000035.jpg
extra_object,episode_000003,36,36,lift,0.0,0.0,0.0,0.00019805666316380366,7.20824107597582,7.208232252858579,-8.82311724126339e-06,/home/ubuntu/a0509_vla_linux_field_bundle_20260903/lhj/phase11_sim_condition_replication/real_dataset/baseline/episodes/episode_000003/images/primary/000036.jpg,/home/ubuntu/a0509_vla_linux_field_bundle_20260903/lhj/phase11_sim_condition_replication/real_dataset/extra_object/episodes/episode_000003/images/primary/000036.jpg
extra_object,episode_000003,37,37,lift,0.14285714285714285,0.125,0.01785714285714285,0.0009109511528171965,7.407525270944461,7.408199999947101,0.0006747290026396513,/home/ubuntu/a0509_vla_linux_field_bundle_20260903/lhj/phase11_sim_condition_replication/real_dataset/baseline/episodes/episode_000003/images/primary/000037.jpg,/home/ubuntu/a0509_vla_linux_field_bundle_20260903/lhj/phase11_sim_condition_replication/real_dataset/extra_object/episodes/episode_000003/images/primary/000037.jpg
extra_object,episode_000003,38,38,lift,0.2857142857142857,0.25,0.0357142857142857,0.001750909442727433,7.606305341934785,7.605639799963683,-0.0006655419711023569,/home/ubuntu/a0509_vla_linux_field_bundle_20260903/lhj/phase11_sim_condition_replication/real_dataset/baseline/episodes/episode_000003/images/primary/000038.jpg,/home/ubuntu/a0509_vla_linux_field_bundle_20260903/lhj/phase11_sim_condition_replication/real_dataset/extra_object/episodes/episode_000003/images/primary/000038.jpg
extra_object,episode_000003,39,39,lift,0.42857142857142855,0.375,0.05357142857142855,0.0025654335587401156,7.806910220999271,7.805412192828953,-0.0014980281703174114,/home/ubuntu/a0509_vla_linux_field_bundle_20260903/lhj/phase11_sim_condition_replication/real_dataset/baseline/episodes/episode_000003/images/primary/000039.jpg,/home/ubuntu/a0509_vla_linux_field_bundle_20260903/lhj/phase11_sim_condition_replication/real_dataset/extra_object/episodes/episode_000003/images/primary/000039.jpg
extra_object,episode_000003,40,41,lift,0.5714285714285714,0.625,0.0535714285714286,0.009391768700439451,8.007742518791929,8.20583055797033,0.19808803917840123,/home/ubuntu/a0509_vla_linux_field_bundle_20260903/lhj/phase11_sim_condition_replication/real_dataset/baseline/episodes/episode_000003/images/primary/000040.jpg,/home/ubuntu/a0509_vla_linux_field_bundle_20260903/lhj/phase11_sim_condition_replication/real_dataset/extra_object/episodes/episode_000003/images/primary/000041.jpg
extra_object,episode_000003,41,42,lift,0.7142857142857143,0.75,0.0357142857142857,0.008951775855581101,8.206083945930004,8.409081565914676,0.20299761998467147,/home/ubuntu/a0509_vla_linux_field_bundle_20260903/lhj/phase11_sim_condition_replication/real_dataset/baseline/episodes/episode_000003/images/primary/000041.jpg,/home/ubuntu/a0509_vla_linux_field_bundle_20260903/lhj/phase11_sim_condition_replication/real_dataset/extra_object/episodes/episode_000003/images/primary/000042.jpg
extra_object,episode_000003,42,43,lift,0.8571428571428571,0.875,0.017857142857142905,0.007973689485569868,8.405885156011209,8.605435916921124,0.19955076090991497,/home/ubuntu/a0509_vla_linux_field_bundle_20260903/lhj/phase11_sim_condition_replication/real_dataset/baseline/episodes/episode_000003/images/primary/000042.jpg,/home/ubuntu/a0509_vla_linux_field_bundle_20260903/lhj/phase11_sim_condition_replication/real_dataset/extra_object/episodes/episode_000003/images/primary/000043.jpg
extra_object,episode_000003,43,44,lift,1.0,1.0,0.0,0.007232646435192169,8.606000524014235,8.805842655943707,0.1998421319294721,/home/ubuntu/a0509_vla_linux_field_bundle_20260903/lhj/phase11_sim_condition_replication/real_dataset/baseline/episodes/episode_000003/images/primary/000043.jpg,/home/ubuntu/a0509_vla_linux_field_bundle_20260903/lhj/phase11_sim_condition_replication/real_dataset/extra_object/episodes/episode_000003/images/primary/000044.jpg
extra_object,episode_000004,0,0,hold,0.0,0.0,0.0,1.0369523229480559e-06,0.008508765138685703,0.010628859978169203,0.0021200948394834995,/home/ubuntu/a0509_vla_linux_field_bundle_20260903/lhj/phase11_sim_condition_replication/real_dataset/baseline/episodes/episode_000004/images/primary/000000.jpg,/home/ubuntu/a0509_vla_linux_field_bundle_20260903/lhj/phase11_sim_condition_replication/real_dataset/extra_object/episodes/episode_000004/images/primary/000000.jpg
extra_object,episode_000004,1,1,hold,1.0,1.0,0.0,1.0369523229480559e-06,0.20653516217134893,0.20753493695519865,0.0009997747838497162,/home/ubuntu/a0509_vla_linux_field_bundle_20260903/lhj/phase11_sim_condition_replication/real_dataset/baseline/episodes/episode_000004/images/primary/000001.jpg,/home/ubuntu/a0509_vla_linux_field_bundle_20260903/lhj/phase11_sim_condition_replication/real_dataset/extra_object/episodes/episode_000004/images/primary/000001.jpg
extra_object,episode_000004,2,2,alignment,0.0,0.0,0.0,2.9743978920141176e-05,0.40573329804465175,0.4066728758625686,0.0009395778179168701,/home/ubuntu/a0509_vla_linux_field_bundle_20260903/lhj/phase11_sim_condition_replication/real_dataset/baseline/episodes/episode_000004/images/primary/000002.jpg,/home/ubuntu/a0509_vla_linux_field_bundle_20260903/lhj/phase11_sim_condition_replication/real_dataset/extra_object/episodes/episode_000004/images/primary/000002.jpg
extra_object,episode_000004,3,3,alignment,0.0625,0.0625,0.0,0.00011408373668072777,0.6060179800260812,0.6082012290135026,0.0021832489874213934,/home/ubuntu/a0509_vla_linux_field_bundle_20260903/lhj/phase11_sim_condition_replication/real_dataset/baseline/episodes/episode_000004/images/primary/000003.jpg,/home/ubuntu/a0509_vla_linux_field_bundle_20260903/lhj/phase11_sim_condition_replication/real_dataset/extra_object/episodes/episode_000004/images/primary/000003.jpg
extra_object,episode_000004,4,4,alignment,0.125,0.125,0.0,0.0005615027801996498,0.8085884579923004,0.8060066448524594,-0.0025818131398409605,/home/ubuntu/a0509_vla_linux_field_bundle_20260903/lhj/phase11_sim_condition_replication/real_dataset/baseline/episodes/episode_000004/images/primary/000004.jpg,/home/ubuntu/a0509_vla_linux_field_bundle_20260903/lhj/phase11_sim_condition_replication/real_dataset/extra_object/episodes/episode_000004/images/primary/000004.jpg
extra_object,episode_000004,5,5,alignment,0.1875,0.1875,0.0,0.0002769365572747579,1.0086760981939733,1.0089221890084445,0.0002460908144712448,/home/ubuntu/a0509_vla_linux_field_bundle_20260903/lhj/phase11_sim_condition_replication/real_dataset/baseline/episodes/episode_000004/images/primary/000005.jpg,/home/ubuntu/a0509_vla_linux_field_bundle_20260903/lhj/phase11_sim_condition_replication/real_dataset/extra_object/episodes/episode_000004/images/primary/000005.jpg
extra_object,episode_000004,6,6,alignment,0.25,0.25,0.0,0.0006213316730979081,1.208393830107525,1.2064881739206612,-0.00190565618686378,/home/ubuntu/a0509_vla_linux_field_bundle_20260903/lhj/phase11_sim_condition_replication/real_dataset/baseline/episodes/episode_000004/images/primary/000006.jpg,/home/ubuntu/a0509_vla_linux_field_bundle_20260903/lhj/phase11_sim_condition_replication/real_dataset/extra_object/episodes/episode_000004/images/primary/000006.jpg
extra_object,episode_000004,7,7,alignment,0.3125,0.3125,0.0,0.0002648055403405121,1.4054060941562057,1.4068890998605639,0.00148300570435822,/home/ubuntu/a0509_vla_linux_field_bundle_20260903/lhj/phase11_sim_condition_replication/real_dataset/baseline/episodes/episode_000004/images/primary/000007.jpg,/home/ubuntu/a0509_vla_linux_field_bundle_20260903/lhj/phase11_sim_condition_replication/real_dataset/extra_object/episodes/episode_000004/images/primary/000007.jpg
extra_object,episode_000004,8,8,alignment,0.375,0.375,0.0,0.0007007309548622461,1.607698149047792,1.6063122989144176,-0.0013858501333743334,/home/ubuntu/a0509_vla_linux_field_bundle_20260903/lhj/phase11_sim_condition_replication/real_dataset/baseline/episodes/episode_000004/images/primary/000008.jpg,/home/ubuntu/a0509_vla_linux_field_bundle_20260903/lhj/phase11_sim_condition_replication/real_dataset/extra_object/episodes/episode_000004/images/primary/000008.jpg
extra_object,episode_000004,9,9,alignment,0.4375,0.4375,0.0,0.00027378219149421814,1.8055067711975425,1.808069305960089,0.00256253476254642,/home/ubuntu/a0509_vla_linux_field_bundle_20260903/lhj/phase11_sim_condition_replication/real_dataset/baseline/episodes/episode_000004/images/primary/000009.jpg,/home/ubuntu/a0509_vla_linux_field_bundle_20260903/lhj/phase11_sim_condition_replication/real_dataset/extra_object/episodes/episode_000004/images/primary/000009.jpg
extra_object,episode_000004,10,10,alignment,0.5,0.5,0.0,0.0006425225951384048,2.007321888115257,2.007546003907919,0.0002241157926619053,/home/ubuntu/a0509_vla_linux_field_bundle_20260903/lhj/phase11_sim_condition_replication/real_dataset/baseline/episodes/episode_000004/images/primary/000010.jpg,/home/ubuntu/a0509_vla_linux_field_bundle_20260903/lhj/phase11_sim_condition_replication/real_dataset/extra_object/episodes/episode_000004/images/primary/000010.jpg
extra_object,episode_000004,11,11,alignment,0.5625,0.5625,0.0,0.0007578390613093966,2.2066419071052223,2.206526421941817,-0.0001154851634055376,/home/ubuntu/a0509_vla_linux_field_bundle_20260903/lhj/phase11_sim_condition_replication/real_dataset/baseline/episodes/episode_000004/images/primary/000011.jpg,/home/ubuntu/a0509_vla_linux_field_bundle_20260903/lhj/phase11_sim_condition_replication/real_dataset/extra_object/episodes/episode_000004/images/primary/000011.jpg
extra_object,episode_000004,12,12,alignment,0.625,0.625,0.0,0.0008802347222019033,2.4062775131314993,2.4057672990020365,-0.0005102141294628382,/home/ubuntu/a0509_vla_linux_field_bundle_20260903/lhj/phase11_sim_condition_replication/real_dataset/baseline/episodes/episode_000004/images/primary/000012.jpg,/home/ubuntu/a0509_vla_linux_field_bundle_20260903/lhj/phase11_sim_condition_replication/real_dataset/extra_object/episodes/episode_000004/images/primary/000012.jpg
extra_object,episode_000004,13,13,alignment,0.6875,0.6875,0.0,0.0008853057778255434,2.6058486599940807,2.605872220825404,2.356083132326603e-05,/home/ubuntu/a0509_vla_linux_field_bundle_20260903/lhj/phase11_sim_condition_replication/real_dataset/baseline/episodes/episode_000004/images/primary/000013.jpg,/home/ubuntu/a0509_vla_linux_field_bundle_20260903/lhj/phase11_sim_condition_replication/real_dataset/extra_object/episodes/episode_000004/images/primary/000013.jpg
extra_object,episode_000004,14,14,alignment,0.75,0.75,0.0,0.0009287370153376707,2.806612932123244,2.8068700570147485,0.00025712489150464535,/home/ubuntu/a0509_vla_linux_field_bundle_20260903/lhj/phase11_sim_condition_replication/real_dataset/baseline/episodes/episode_000004/images/primary/000014.jpg,/home/ubuntu/a0509_vla_linux_field_bundle_20260903/lhj/phase11_sim_condition_replication/real_dataset/extra_object/episodes/episode_000004/images/primary/000014.jpg
extra_object,episode_000004,15,15,alignment,0.8125,0.8125,0.0,0.0010452748516491589,3.006236251210794,3.006144979968667,-9.127124212682247e-05,/home/ubuntu/a0509_vla_linux_field_bundle_20260903/lhj/phase11_sim_condition_replication/real_dataset/baseline/episodes/episode_000004/images/primary/000015.jpg,/home/ubuntu/a0509_vla_linux_field_bundle_20260903/lhj/phase11_sim_condition_replication/real_dataset/extra_object/episodes/episode_000004/images/primary/000015.jpg
extra_object,episode_000004,16,16,alignment,0.875,0.875,0.0,0.0008449867510083239,3.2059800811111927,3.2080486128106713,0.0020685316994786263,/home/ubuntu/a0509_vla_linux_field_bundle_20260903/lhj/phase11_sim_condition_replication/real_dataset/baseline/episodes/episode_000004/images/primary/000016.jpg,/home/ubuntu/a0509_vla_linux_field_bundle_20260903/lhj/phase11_sim_condition_replication/real_dataset/extra_object/episodes/episode_000004/images/primary/000016.jpg
extra_object,episode_000004,17,17,alignment,0.9375,0.9375,0.0,0.0010600771146771282,3.4053154070861638,3.406254616798833,0.0009392097126692533,/home/ubuntu/a0509_vla_linux_field_bundle_20260903/lhj/phase11_sim_condition_replication/real_dataset/baseline/episodes/episode_000004/images/primary/000017.jpg,/home/ubuntu/a0509_vla_linux_field_bundle_20260903/lhj/phase11_sim_condition_replication/real_dataset/extra_object/episodes/episode_000004/images/primary/000017.jpg
extra_object,episode_000004,18,18,alignment,1.0,1.0,0.0,0.001075662838775229,3.605834947200492,3.607227429980412,0.0013924827799201012,/home/ubuntu/a0509_vla_linux_field_bundle_20260903/lhj/phase11_sim_condition_replication/real_dataset/baseline/episodes/episode_000004/images/primary/000018.jpg,/home/ubuntu/a0509_vla_linux_field_bundle_20260903/lhj/phase11_sim_condition_replication/real_dataset/extra_object/episodes/episode_000004/images/primary/000018.jpg
extra_object,episode_000004,19,19,descent_to_grasp,0.0,0.0,0.0,0.0006751828540991535,3.8062786161899567,3.806211310904473,-6.730528548359871e-05,/home/ubuntu/a0509_vla_linux_field_bundle_20260903/lhj/phase11_sim_condition_replication/real_dataset/baseline/episodes/episode_000004/images/primary/000019.jpg,/home/ubuntu/a0509_vla_linux_field_bundle_20260903/lhj/phase11_sim_condition_replication/real_dataset/extra_object/episodes/episode_000004/images/primary/000019.jpg
extra_object,episode_000004,20,20,descent_to_grasp,0.14285714285714285,0.14285714285714285,0.0,0.0004642553716077308,4.0060651891399175,4.008595100836828,0.002529911696910858,/home/ubuntu/a0509_vla_linux_field_bundle_20260903/lhj/phase11_sim_condition_replication/real_dataset/baseline/episodes/episode_000004/images/primary/000020.jpg,/home/ubuntu/a0509_vla_linux_field_bundle_20260903/lhj/phase11_sim_condition_replication/real_dataset/extra_object/episodes/episode_000004/images/primary/000020.jpg
extra_object,episode_000004,21,21,descent_to_grasp,0.2857142857142857,0.2857142857142857,0.0,0.0005179084190126875,4.205648472066969,4.206904842983931,0.0012563709169626236,/home/ubuntu/a0509_vla_linux_field_bundle_20260903/lhj/phase11_sim_condition_replication/real_dataset/baseline/episodes/episode_000004/images/primary/000021.jpg,/home/ubuntu/a0509_vla_linux_field_bundle_20260903/lhj/phase11_sim_condition_replication/real_dataset/extra_object/episodes/episode_000004/images/primary/000021.jpg
extra_object,episode_000004,22,22,descent_to_grasp,0.42857142857142855,0.42857142857142855,0.0,0.000334409312741028,4.40642947005108,4.409879300976172,0.003449830925092101,/home/ubuntu/a0509_vla_linux_field_bundle_20260903/lhj/phase11_sim_condition_replication/real_dataset/baseline/episodes/episode_000004/images/primary/000022.jpg,/home/ubuntu/a0509_vla_linux_field_bundle_20260903/lhj/phase11_sim_condition_replication/real_dataset/extra_object/episodes/episode_000004/images/primary/000022.jpg
extra_object,episode_000004,23,23,descent_to_grasp,0.5714285714285714,0.5714285714285714,0.0,0.0006035453917476979,4.6078428470063955,4.606861780863255,-0.0009810661431401968,/home/ubuntu/a0509_vla_linux_field_bundle_20260903/lhj/phase11_sim_condition_replication/real_dataset/baseline/episodes/episode_000004/images/primary/000023.jpg,/home/ubuntu/a0509_vla_linux_field_bundle_20260903/lhj/phase11_sim_condition_replication/real_dataset/extra_object/episodes/episode_000004/images/primary/000023.jpg
extra_object,episode_000004,24,24,descent_to_grasp,0.7142857142857143,0.7142857142857143,0.0,0.00028536301224161995,4.805911961011589,4.809101633960381,0.003189672948792577,/home/ubuntu/a0509_vla_linux_field_bundle_20260903/lhj/phase11_sim_condition_replication/real_dataset/baseline/episodes/episode_000004/images/primary/000024.jpg,/home/ubuntu/a0509_vla_linux_field_bundle_20260903/lhj/phase11_sim_condition_replication/real_dataset/extra_object/episodes/episode_000004/images/primary/000024.jpg
extra_object,episode_000004,25,25,descent_to_grasp,0.8571428571428571,0.8571428571428571,0.0,0.0003970467961988936,5.00553515413776,5.006602101959288,0.0010669478215277195,/home/ubuntu/a0509_vla_linux_field_bundle_20260903/lhj/phase11_sim_condition_replication/real_dataset/baseline/episodes/episode_000004/images/primary/000025.jpg,/home/ubuntu/a0509_vla_linux_field_bundle_20260903/lhj/phase11_sim_condition_replication/real_dataset/extra_object/episodes/episode_000004/images/primary/000025.jpg
extra_object,episode_000004,26,26,descent_to_grasp,1.0,1.0,0.0,0.00042165004830589827,5.206780571024865,5.2069949568249285,0.00021438580006361008,/home/ubuntu/a0509_vla_linux_field_bundle_20260903/lhj/phase11_sim_condition_replication/real_dataset/baseline/episodes/episode_000004/images/primary/000026.jpg,/home/ubuntu/a0509_vla_linux_field_bundle_20260903/lhj/phase11_sim_condition_replication/real_dataset/extra_object/episodes/episode_000004/images/primary/000026.jpg
extra_object,episode_000004,27,27,grasp_close,0.0,0.0,0.0,0.0,5.405154730193317,5.406085585942492,0.0009308557491749525,/home/ubuntu/a0509_vla_linux_field_bundle_20260903/lhj/phase11_sim_condition_replication/real_dataset/baseline/episodes/episode_000004/images/primary/000027.jpg,/home/ubuntu/a0509_vla_linux_field_bundle_20260903/lhj/phase11_sim_condition_replication/real_dataset/extra_object/episodes/episode_000004/images/primary/000027.jpg
extra_object,episode_000004,28,28,grasp_close,0.1111111111111111,0.1111111111111111,0.0,0.0,5.605701275169849,5.6071536869276315,0.0014524117577821016,/home/ubuntu/a0509_vla_linux_field_bundle_20260903/lhj/phase11_sim_condition_replication/real_dataset/baseline/episodes/episode_000004/images/primary/000028.jpg,/home/ubuntu/a0509_vla_linux_field_bundle_20260903/lhj/phase11_sim_condition_replication/real_dataset/extra_object/episodes/episode_000004/images/primary/000028.jpg
extra_object,episode_000004,29,29,grasp_close,0.2222222222222222,0.2222222222222222,0.0,0.0,5.808492323150858,5.806387725984678,-0.0021045971661806107,/home/ubuntu/a0509_vla_linux_field_bundle_20260903/lhj/phase11_sim_condition_replication/real_dataset/baseline/episodes/episode_000004/images/primary/000029.jpg,/home/ubuntu/a0509_vla_linux_field_bundle_20260903/lhj/phase11_sim_condition_replication/real_dataset/extra_object/episodes/episode_000004/images/primary/000029.jpg
extra_object,episode_000004,30,30,grasp_close,0.3333333333333333,0.3333333333333333,0.0,0.0,6.006656876998022,6.009014011826366,0.0023571348283439875,/home/ubuntu/a0509_vla_linux_field_bundle_20260903/lhj/phase11_sim_condition_replication/real_dataset/baseline/episodes/episode_000004/images/primary/000030.jpg,/home/ubuntu/a0509_vla_linux_field_bundle_20260903/lhj/phase11_sim_condition_replication/real_dataset/extra_object/episodes/episode_000004/images/primary/000030.jpg
extra_object,episode_000004,31,31,grasp_close,0.4444444444444444,0.4444444444444444,0.0,0.0,6.205901278182864,6.206497195875272,0.0005959176924079657,/home/ubuntu/a0509_vla_linux_field_bundle_20260903/lhj/phase11_sim_condition_replication/real_dataset/baseline/episodes/episode_000004/images/primary/000031.jpg,/home/ubuntu/a0509_vla_linux_field_bundle_20260903/lhj/phase11_sim_condition_replication/real_dataset/extra_object/episodes/episode_000004/images/primary/000031.jpg
extra_object,episode_000004,32,32,grasp_close,0.5555555555555556,0.5555555555555556,0.0,0.0,6.405569734051824,6.407104011857882,0.001534277806058526,/home/ubuntu/a0509_vla_linux_field_bundle_20260903/lhj/phase11_sim_condition_replication/real_dataset/baseline/episodes/episode_000004/images/primary/000032.jpg,/home/ubuntu/a0509_vla_linux_field_bundle_20260903/lhj/phase11_sim_condition_replication/real_dataset/extra_object/episodes/episode_000004/images/primary/000032.jpg
extra_object,episode_000004,33,33,grasp_close,0.6666666666666666,0.6666666666666666,0.0,0.0,6.60526735521853,6.60763658490032,0.002369229681789875,/home/ubuntu/a0509_vla_linux_field_bundle_20260903/lhj/phase11_sim_condition_replication/real_dataset/baseline/episodes/episode_000004/images/primary/000033.jpg,/home/ubuntu/a0509_vla_linux_field_bundle_20260903/lhj/phase11_sim_condition_replication/real_dataset/extra_object/episodes/episode_000004/images/primary/000033.jpg
extra_object,episode_000004,34,34,grasp_close,0.7777777777777778,0.7777777777777778,0.0,0.0,6.80574148404412,6.8062032158486545,0.0004617318045347929,/home/ubuntu/a0509_vla_linux_field_bundle_20260903/lhj/phase11_sim_condition_replication/real_dataset/baseline/episodes/episode_000004/images/primary/000034.jpg,/home/ubuntu/a0509_vla_linux_field_bundle_20260903/lhj/phase11_sim_condition_replication/real_dataset/extra_object/episodes/episode_000004/images/primary/000034.jpg
extra_object,episode_000004,35,35,grasp_close,0.8888888888888888,0.8888888888888888,0.0,0.0,7.005403500050306,7.008180871838704,0.0027773717883974314,/home/ubuntu/a0509_vla_linux_field_bundle_20260903/lhj/phase11_sim_condition_replication/real_dataset/baseline/episodes/episode_000004/images/primary/000035.jpg,/home/ubuntu/a0509_vla_linux_field_bundle_20260903/lhj/phase11_sim_condition_replication/real_dataset/extra_object/episodes/episode_000004/images/primary/000035.jpg
extra_object,episode_000004,36,36,grasp_close,1.0,1.0,0.0,0.0,7.205893489066511,7.206594081828371,0.0007005927618592978,/home/ubuntu/a0509_vla_linux_field_bundle_20260903/lhj/phase11_sim_condition_replication/real_dataset/baseline/episodes/episode_000004/images/primary/000036.jpg,/home/ubuntu/a0509_vla_linux_field_bundle_20260903/lhj/phase11_sim_condition_replication/real_dataset/extra_object/episodes/episode_000004/images/primary/000036.jpg
extra_object,episode_000004,37,37,lift,0.0,0.0,0.0,0.00040125361416887273,7.405784917995334,7.406188664957881,0.00040374696254730225,/home/ubuntu/a0509_vla_linux_field_bundle_20260903/lhj/phase11_sim_condition_replication/real_dataset/baseline/episodes/episode_000004/images/primary/000037.jpg,/home/ubuntu/a0509_vla_linux_field_bundle_20260903/lhj/phase11_sim_condition_replication/real_dataset/extra_object/episodes/episode_000004/images/primary/000037.jpg
extra_object,episode_000004,38,38,lift,0.125,0.125,0.0,0.0003625844732600969,7.605278925038874,7.60624969098717,0.0009707659482955933,/home/ubuntu/a0509_vla_linux_field_bundle_20260903/lhj/phase11_sim_condition_replication/real_dataset/baseline/episodes/episode_000004/images/primary/000038.jpg,/home/ubuntu/a0509_vla_linux_field_bundle_20260903/lhj/phase11_sim_condition_replication/real_dataset/extra_object/episodes/episode_000004/images/primary/000038.jpg
extra_object,episode_000004,39,39,lift,0.25,0.25,0.0,0.00037096839100864143,7.805545528186485,7.806347633013502,0.000802104827016592,/home/ubuntu/a0509_vla_linux_field_bundle_20260903/lhj/phase11_sim_condition_replication/real_dataset/baseline/episodes/episode_000004/images/primary/000039.jpg,/home/ubuntu/a0509_vla_linux_field_bundle_20260903/lhj/phase11_sim_condition_replication/real_dataset/extra_object/episodes/episode_000004/images/primary/000039.jpg
extra_object,episode_000004,40,40,lift,0.375,0.375,0.0,0.00036932421113838876,8.00605420419015,8.00684436201118,0.0007901578210294247,/home/ubuntu/a0509_vla_linux_field_bundle_20260903/lhj/phase11_sim_condition_replication/real_dataset/baseline/episodes/episode_000004/images/primary/000040.jpg,/home/ubuntu/a0509_vla_linux_field_bundle_20260903/lhj/phase11_sim_condition_replication/real_dataset/extra_object/episodes/episode_000004/images/primary/000040.jpg
extra_object,episode_000004,41,41,lift,0.5,0.5,0.0,0.00037643509133361563,8.206087150145322,8.206728590885177,0.0006414407398551702,/home/ubuntu/a0509_vla_linux_field_bundle_20260903/lhj/phase11_sim_condition_replication/real_dataset/baseline/episodes/episode_000004/images/primary/000041.jpg,/home/ubuntu/a0509_vla_linux_field_bundle_20260903/lhj/phase11_sim_condition_replication/real_dataset/extra_object/episodes/episode_000004/images/primary/000041.jpg
extra_object,episode_000004,42,42,lift,0.625,0.625,0.0,0.0004473548066331601,8.406924475217238,8.406419585924596,-0.0005048892926424742,/home/ubuntu/a0509_vla_linux_field_bundle_20260903/lhj/phase11_sim_condition_replication/real_dataset/baseline/episodes/episode_000004/images/primary/000042.jpg,/home/ubuntu/a0509_vla_linux_field_bundle_20260903/lhj/phase11_sim_condition_replication/real_dataset/extra_object/episodes/episode_000004/images/primary/000042.jpg
extra_object,episode_000004,43,43,lift,0.75,0.75,0.0,0.00044350370126544636,8.606872599106282,8.606390366796404,-0.00048223230987787247,/home/ubuntu/a0509_vla_linux_field_bundle_20260903/lhj/phase11_sim_condition_replication/real_dataset/baseline/episodes/episode_000004/images/primary/000043.jpg,/home/ubuntu/a0509_vla_linux_field_bundle_20260903/lhj/phase11_sim_condition_replication/real_dataset/extra_object/episodes/episode_000004/images/primary/000043.jpg
extra_object,episode_000004,44,44,lift,0.875,0.875,0.0,0.0003351877034374895,8.806152959121391,8.807326507987455,0.0011735488660633564,/home/ubuntu/a0509_vla_linux_field_bundle_20260903/lhj/phase11_sim_condition_replication/real_dataset/baseline/episodes/episode_000004/images/primary/000044.jpg,/home/ubuntu/a0509_vla_linux_field_bundle_20260903/lhj/phase11_sim_condition_replication/real_dataset/extra_object/episodes/episode_000004/images/primary/000044.jpg
extra_object,episode_000004,45,45,lift,1.0,1.0,0.0,0.00039878096845435973,9.00595874316059,9.00610068300739,0.00014193984679877758,/home/ubuntu/a0509_vla_linux_field_bundle_20260903/lhj/phase11_sim_condition_replication/real_dataset/baseline/episodes/episode_000004/images/primary/000045.jpg,/home/ubuntu/a0509_vla_linux_field_bundle_20260903/lhj/phase11_sim_condition_replication/real_dataset/extra_object/episodes/episode_000004/images/primary/000045.jpg
extra_object,episode_000005,0,0,hold,0.0,0.0,0.0,1.5324667933556461e-06,0.009038018062710762,0.01039293804205954,0.0013549199793487787,/home/ubuntu/a0509_vla_linux_field_bundle_20260903/lhj/phase11_sim_condition_replication/real_dataset/baseline/episodes/episode_000005/images/primary/000000.jpg,/home/ubuntu/a0509_vla_linux_field_bundle_20260903/lhj/phase11_sim_condition_replication/real_dataset/extra_object/episodes/episode_000005/images/primary/000000.jpg
extra_object,episode_000005,1,1,hold,1.0,1.0,0.0,1.5324667933556461e-06,0.20684475707821548,0.2068354010116309,-9.356066584587097e-06,/home/ubuntu/a0509_vla_linux_field_bundle_20260903/lhj/phase11_sim_condition_replication/real_dataset/baseline/episodes/episode_000005/images/primary/000001.jpg,/home/ubuntu/a0509_vla_linux_field_bundle_20260903/lhj/phase11_sim_condition_replication/real_dataset/extra_object/episodes/episode_000005/images/primary/000001.jpg
extra_object,episode_000005,2,2,alignment,0.0,0.0,0.0,9.818809552423392e-05,0.40623146295547485,0.4105011480860412,0.0042696851305663586,/home/ubuntu/a0509_vla_linux_field_bundle_20260903/lhj/phase11_sim_condition_replication/real_dataset/baseline/episodes/episode_000005/images/primary/000002.jpg,/home/ubuntu/a0509_vla_linux_field_bundle_20260903/lhj/phase11_sim_condition_replication/real_dataset/extra_object/episodes/episode_000005/images/primary/000002.jpg
extra_object,episode_000005,3,3,alignment,0.07142857142857142,0.07142857142857142,0.0,0.00043369347486461884,0.6060094500426203,0.6057869051583111,-0.00022254488430917263,/home/ubuntu/a0509_vla_linux_field_bundle_20260903/lhj/phase11_sim_condition_replication/real_dataset/baseline/episodes/episode_000005/images/primary/000003.jpg,/home/ubuntu/a0509_vla_linux_field_bundle_20260903/lhj/phase11_sim_condition_replication/real_dataset/extra_object/episodes/episode_000005/images/primary/000003.jpg
extra_object,episode_000005,4,4,alignment,0.14285714285714285,0.14285714285714285,0.0,0.00027779959131199564,0.8056978669483215,0.806758610997349,0.0010607440490275621,/home/ubuntu/a0509_vla_linux_field_bundle_20260903/lhj/phase11_sim_condition_replication/real_dataset/baseline/episodes/episode_000005/images/primary/000004.jpg,/home/ubuntu/a0509_vla_linux_field_bundle_20260903/lhj/phase11_sim_condition_replication/real_dataset/extra_object/episodes/episode_000005/images/primary/000004.jpg
extra_object,episode_000005,5,5,alignment,0.21428571428571427,0.21428571428571427,0.0,0.00046770356114508665,1.0067276710178703,1.0061676900368184,-0.0005599809810519218,/home/ubuntu/a0509_vla_linux_field_bundle_20260903/lhj/phase11_sim_condition_replication/real_dataset/baseline/episodes/episode_000005/images/primary/000005.jpg,/home/ubuntu/a0509_vla_linux_field_bundle_20260903/lhj/phase11_sim_condition_replication/real_dataset/extra_object/episodes/episode_000005/images/primary/000005.jpg
extra_object,episode_000005,6,6,alignment,0.2857142857142857,0.2857142857142857,0.0,0.0004049532957452466,1.2068067351356149,1.2067478171084076,-5.8918027207255363e-05,/home/ubuntu/a0509_vla_linux_field_bundle_20260903/lhj/phase11_sim_condition_replication/real_dataset/baseline/episodes/episode_000005/images/primary/000006.jpg,/home/ubuntu/a0509_vla_linux_field_bundle_20260903/lhj/phase11_sim_condition_replication/real_dataset/extra_object/episodes/episode_000005/images/primary/000006.jpg
extra_object,episode_000005,7,7,alignment,0.35714285714285715,0.35714285714285715,0.0,8.04289933168735e-05,1.4056640600319952,1.4083046279847622,0.0026405679527670145,/home/ubuntu/a0509_vla_linux_field_bundle_20260903/lhj/phase11_sim_condition_replication/real_dataset/baseline/episodes/episode_000005/images/primary/000007.jpg,/home/ubuntu/a0509_vla_linux_field_bundle_20260903/lhj/phase11_sim_condition_replication/real_dataset/extra_object/episodes/episode_000005/images/primary/000007.jpg
extra_object,episode_000005,8,8,alignment,0.42857142857142855,0.42857142857142855,0.0,0.00021037853653266503,1.6059546789620072,1.6074780691415071,0.0015233901794999838,/home/ubuntu/a0509_vla_linux_field_bundle_20260903/lhj/phase11_sim_condition_replication/real_dataset/baseline/episodes/episode_000005/images/primary/000008.jpg,/home/ubuntu/a0509_vla_linux_field_bundle_20260903/lhj/phase11_sim_condition_replication/real_dataset/extra_object/episodes/episode_000005/images/primary/000008.jpg
extra_object,episode_000005,9,9,alignment,0.5,0.5,0.0,0.0004947925317274329,1.8084317140746862,1.8075405480340123,-0.000891166040673852,/home/ubuntu/a0509_vla_linux_field_bundle_20260903/lhj/phase11_sim_condition_replication/real_dataset/baseline/episodes/episode_000005/images/primary/000009.jpg,/home/ubuntu/a0509_vla_linux_field_bundle_20260903/lhj/phase11_sim_condition_replication/real_dataset/extra_object/episodes/episode_000005/images/primary/000009.jpg
extra_object,episode_000005,10,10,alignment,0.5714285714285714,0.5714285714285714,0.0,0.0001602521622291413,2.0057716120500118,2.0076642180792987,0.0018926060292869806,/home/ubuntu/a0509_vla_linux_field_bundle_20260903/lhj/phase11_sim_condition_replication/real_dataset/baseline/episodes/episode_000005/images/primary/000010.jpg,/home/ubuntu/a0509_vla_linux_field_bundle_20260903/lhj/phase11_sim_condition_replication/real_dataset/extra_object/episodes/episode_000005/images/primary/000010.jpg
extra_object,episode_000005,11,11,alignment,0.6428571428571429,0.6428571428571429,0.0,0.0003321351033819917,2.206053825095296,2.20647713704966,0.00042331195436418056,/home/ubuntu/a0509_vla_linux_field_bundle_20260903/lhj/phase11_sim_condition_replication/real_dataset/baseline/episodes/episode_000005/images/primary/000011.jpg,/home/ubuntu/a0509_vla_linux_field_bundle_20260903/lhj/phase11_sim_condition_replication/real_dataset/extra_object/episodes/episode_000005/images/primary/000011.jpg
extra_object,episode_000005,12,12,alignment,0.7142857142857143,0.7142857142857143,0.0,0.0011523579516480433,2.414184360066429,2.40769294812344,-0.006491411942988634,/home/ubuntu/a0509_vla_linux_field_bundle_20260903/lhj/phase11_sim_condition_replication/real_dataset/baseline/episodes/episode_000005/images/primary/000012.jpg,/home/ubuntu/a0509_vla_linux_field_bundle_20260903/lhj/phase11_sim_condition_replication/real_dataset/extra_object/episodes/episode_000005/images/primary/000012.jpg
extra_object,episode_000005,13,13,alignment,0.7857142857142857,0.7857142857142857,0.0,0.000427650365535692,2.6066854409873486,2.60625484213233,-0.0004305988550186157,/home/ubuntu/a0509_vla_linux_field_bundle_20260903/lhj/phase11_sim_condition_replication/real_dataset/baseline/episodes/episode_000005/images/primary/000013.jpg,/home/ubuntu/a0509_vla_linux_field_bundle_20260903/lhj/phase11_sim_condition_replication/real_dataset/extra_object/episodes/episode_000005/images/primary/000013.jpg
extra_object,episode_000005,14,14,alignment,0.8571428571428571,0.8571428571428571,0.0,0.0006499426270723965,2.8088880190625787,2.806564571103081,-0.002323447959497571,/home/ubuntu/a0509_vla_linux_field_bundle_20260903/lhj/phase11_sim_condition_replication/real_dataset/baseline/episodes/episode_000005/images/primary/000014.jpg,/home/ubuntu/a0509_vla_linux_field_bundle_20260903/lhj/phase11_sim_condition_replication/real_dataset/extra_object/episodes/episode_000005/images/primary/000014.jpg
extra_object,episode_000005,15,15,alignment,0.9285714285714286,0.9285714285714286,0.0,1.7297999075727842e-05,3.005878585157916,3.008842275943607,0.002963690785691142,/home/ubuntu/a0509_vla_linux_field_bundle_20260903/lhj/phase11_sim_condition_replication/real_dataset/baseline/episodes/episode_000005/images/primary/000015.jpg,/home/ubuntu/a0509_vla_linux_field_bundle_20260903/lhj/phase11_sim_condition_replication/real_dataset/extra_object/episodes/episode_000005/images/primary/000015.jpg
extra_object,episode_000005,16,16,alignment,1.0,1.0,0.0,0.0002807722568587456,3.206368625164032,3.2070938609540462,0.000725235790014267,/home/ubuntu/a0509_vla_linux_field_bundle_20260903/lhj/phase11_sim_condition_replication/real_dataset/baseline/episodes/episode_000005/images/primary/000016.jpg,/home/ubuntu/a0509_vla_linux_field_bundle_20260903/lhj/phase11_sim_condition_replication/real_dataset/extra_object/episodes/episode_000005/images/primary/000016.jpg
extra_object,episode_000005,17,17,descent_to_grasp,0.0,0.0,0.0,0.00017153019793062646,3.405942111974582,3.4066425170749426,0.0007004051003605127,/home/ubuntu/a0509_vla_linux_field_bundle_20260903/lhj/phase11_sim_condition_replication/real_dataset/baseline/episodes/episode_000005/images/primary/000017.jpg,/home/ubuntu/a0509_vla_linux_field_bundle_20260903/lhj/phase11_sim_condition_replication/real_dataset/extra_object/episodes/episode_000005/images/primary/000017.jpg
extra_object,episode_000005,18,18,descent_to_grasp,0.14285714285714285,0.14285714285714285,0.0,0.00014213271034820997,3.6059322820510715,3.6072817591484636,0.0013494770973920822,/home/ubuntu/a0509_vla_linux_field_bundle_20260903/lhj/phase11_sim_condition_replication/real_dataset/baseline/episodes/episode_000005/images/primary/000018.jpg,/home/ubuntu/a0509_vla_linux_field_bundle_20260903/lhj/phase11_sim_condition_replication/real_dataset/extra_object/episodes/episode_000005/images/primary/000018.jpg
extra_object,episode_000005,19,19,descent_to_grasp,0.2857142857142857,0.2857142857142857,0.0,0.00022453238838864327,3.8065989741589874,3.806960365967825,0.0003613918088376522,/home/ubuntu/a0509_vla_linux_field_bundle_20260903/lhj/phase11_sim_condition_replication/real_dataset/baseline/episodes/episode_000005/images/primary/000019.jpg,/home/ubuntu/a0509_vla_linux_field_bundle_20260903/lhj/phase11_sim_condition_replication/real_dataset/extra_object/episodes/episode_000005/images/primary/000019.jpg
extra_object,episode_000005,20,20,descent_to_grasp,0.42857142857142855,0.42857142857142855,0.0,1.1735455896761157e-05,4.00563442800194,4.009674625005573,0.004040197003632784,/home/ubuntu/a0509_vla_linux_field_bundle_20260903/lhj/phase11_sim_condition_replication/real_dataset/baseline/episodes/episode_000005/images/primary/000020.jpg,/home/ubuntu/a0509_vla_linux_field_bundle_20260903/lhj/phase11_sim_condition_replication/real_dataset/extra_object/episodes/episode_000005/images/primary/000020.jpg
extra_object,episode_000005,21,21,descent_to_grasp,0.5714285714285714,0.5714285714285714,0.0,0.00023320085546117656,4.206403102958575,4.207074066158384,0.0006709631998091936,/home/ubuntu/a0509_vla_linux_field_bundle_20260903/lhj/phase11_sim_condition_replication/real_dataset/baseline/episodes/episode_000005/images/primary/000021.jpg,/home/ubuntu/a0509_vla_linux_field_bundle_20260903/lhj/phase11_sim_condition_replication/real_dataset/extra_object/episodes/episode_000005/images/primary/000021.jpg
extra_object,episode_000005,22,22,descent_to_grasp,0.7142857142857143,0.7142857142857143,0.0,0.00011698702552204486,4.405915254959837,4.4085066800471395,0.002591425087302923,/home/ubuntu/a0509_vla_linux_field_bundle_20260903/lhj/phase11_sim_condition_replication/real_dataset/baseline/episodes/episode_000005/images/primary/000022.jpg,/home/ubuntu/a0509_vla_linux_field_bundle_20260903/lhj/phase11_sim_condition_replication/real_dataset/extra_object/episodes/episode_000005/images/primary/000022.jpg
extra_object,episode_000005,23,23,descent_to_grasp,0.8571428571428571,0.8571428571428571,0.0,0.00011083180475714512,4.606464511016384,4.612612611148506,0.006148100132122636,/home/ubuntu/a0509_vla_linux_field_bundle_20260903/lhj/phase11_sim_condition_replication/real_dataset/baseline/episodes/episode_000005/images/primary/000023.jpg,/home/ubuntu/a0509_vla_linux_field_bundle_20260903/lhj/phase11_sim_condition_replication/real_dataset/extra_object/episodes/episode_000005/images/primary/000023.jpg
extra_object,episode_000005,24,24,descent_to_grasp,1.0,1.0,0.0,0.00040554153291114207,4.807250670157373,4.806052839150652,-0.0011978310067206621,/home/ubuntu/a0509_vla_linux_field_bundle_20260903/lhj/phase11_sim_condition_replication/real_dataset/baseline/episodes/episode_000005/images/primary/000024.jpg,/home/ubuntu/a0509_vla_linux_field_bundle_20260903/lhj/phase11_sim_condition_replication/real_dataset/extra_object/episodes/episode_000005/images/primary/000024.jpg
extra_object,episode_000005,25,25,grasp_close,0.0,0.0,0.0,0.0,5.007893356960267,5.006080348975956,-0.0018130079843103886,/home/ubuntu/a0509_vla_linux_field_bundle_20260903/lhj/phase11_sim_condition_replication/real_dataset/baseline/episodes/episode_000005/images/primary/000025.jpg,/home/ubuntu/a0509_vla_linux_field_bundle_20260903/lhj/phase11_sim_condition_replication/real_dataset/extra_object/episodes/episode_000005/images/primary/000025.jpg
extra_object,episode_000005,26,26,grasp_close,0.1111111111111111,0.1111111111111111,0.0,0.0,5.205573417944834,5.205636104103178,6.268615834414959e-05,/home/ubuntu/a0509_vla_linux_field_bundle_20260903/lhj/phase11_sim_condition_replication/real_dataset/baseline/episodes/episode_000005/images/primary/000026.jpg,/home/ubuntu/a0509_vla_linux_field_bundle_20260903/lhj/phase11_sim_condition_replication/real_dataset/extra_object/episodes/episode_000005/images/primary/000026.jpg
extra_object,episode_000005,27,27,grasp_close,0.2222222222222222,0.2222222222222222,0.0,0.0,5.4062099379953,5.405615426134318,-0.0005945118609815836,/home/ubuntu/a0509_vla_linux_field_bundle_20260903/lhj/phase11_sim_condition_replication/real_dataset/baseline/episodes/episode_000005/images/primary/000027.jpg,/home/ubuntu/a0509_vla_linux_field_bundle_20260903/lhj/phase11_sim_condition_replication/real_dataset/extra_object/episodes/episode_000005/images/primary/000027.jpg
extra_object,episode_000005,28,28,grasp_close,0.3333333333333333,0.3333333333333333,0.0,0.0,5.605967210140079,5.606721251970157,0.0007540418300777674,/home/ubuntu/a0509_vla_linux_field_bundle_20260903/lhj/phase11_sim_condition_replication/real_dataset/baseline/episodes/episode_000005/images/primary/000028.jpg,/home/ubuntu/a0509_vla_linux_field_bundle_20260903/lhj/phase11_sim_condition_replication/real_dataset/extra_object/episodes/episode_000005/images/primary/000028.jpg
extra_object,episode_000005,29,29,grasp_close,0.4444444444444444,0.4444444444444444,0.0,0.0,5.805695502087474,5.8066846809815615,0.0009891788940876722,/home/ubuntu/a0509_vla_linux_field_bundle_20260903/lhj/phase11_sim_condition_replication/real_dataset/baseline/episodes/episode_000005/images/primary/000029.jpg,/home/ubuntu/a0509_vla_linux_field_bundle_20260903/lhj/phase11_sim_condition_replication/real_dataset/extra_object/episodes/episode_000005/images/primary/000029.jpg
extra_object,episode_000005,30,30,grasp_close,0.5555555555555556,0.5555555555555556,0.0,0.0,6.0082938589621335,6.006743583129719,-0.001550275832414627,/home/ubuntu/a0509_vla_linux_field_bundle_20260903/lhj/phase11_sim_condition_replication/real_dataset/baseline/episodes/episode_000005/images/primary/000030.jpg,/home/ubuntu/a0509_vla_linux_field_bundle_20260903/lhj/phase11_sim_condition_replication/real_dataset/extra_object/episodes/episode_000005/images/primary/000030.jpg
extra_object,episode_000005,31,31,grasp_close,0.6666666666666666,0.6666666666666666,0.0,0.0,6.206059479154646,6.205906650051475,-0.0001528291031718254,/home/ubuntu/a0509_vla_linux_field_bundle_20260903/lhj/phase11_sim_condition_replication/real_dataset/baseline/episodes/episode_000005/images/primary/000031.jpg,/home/ubuntu/a0509_vla_linux_field_bundle_20260903/lhj/phase11_sim_condition_replication/real_dataset/extra_object/episodes/episode_000005/images/primary/000031.jpg
extra_object,episode_000005,32,32,grasp_close,0.7777777777777778,0.7777777777777778,0.0,0.0,6.406502351164818,6.407567200949416,0.0010648497845977545,/home/ubuntu/a0509_vla_linux_field_bundle_20260903/lhj/phase11_sim_condition_replication/real_dataset/baseline/episodes/episode_000005/images/primary/000032.jpg,/home/ubuntu/a0509_vla_linux_field_bundle_20260903/lhj/phase11_sim_condition_replication/real_dataset/extra_object/episodes/episode_000005/images/primary/000032.jpg
extra_object,episode_000005,33,33,grasp_close,0.8888888888888888,0.8888888888888888,0.0,0.0,6.605016769142821,6.606313930125907,0.0012971609830856323,/home/ubuntu/a0509_vla_linux_field_bundle_20260903/lhj/phase11_sim_condition_replication/real_dataset/baseline/episodes/episode_000005/images/primary/000033.jpg,/home/ubuntu/a0509_vla_linux_field_bundle_20260903/lhj/phase11_sim_condition_replication/real_dataset/extra_object/episodes/episode_000005/images/primary/000033.jpg
extra_object,episode_000005,34,34,grasp_close,1.0,1.0,0.0,0.0,6.805913028074428,6.806747931055725,0.0008349029812961817,/home/ubuntu/a0509_vla_linux_field_bundle_20260903/lhj/phase11_sim_condition_replication/real_dataset/baseline/episodes/episode_000005/images/primary/000034.jpg,/home/ubuntu/a0509_vla_linux_field_bundle_20260903/lhj/phase11_sim_condition_replication/real_dataset/extra_object/episodes/episode_000005/images/primary/000034.jpg
extra_object,episode_000005,35,35,lift,0.0,0.0,0.0,0.00016203368389339223,7.00611605704762,7.008098084945232,0.0019820278976112604,/home/ubuntu/a0509_vla_linux_field_bundle_20260903/lhj/phase11_sim_condition_replication/real_dataset/baseline/episodes/episode_000005/images/primary/000035.jpg,/home/ubuntu/a0509_vla_linux_field_bundle_20260903/lhj/phase11_sim_condition_replication/real_dataset/extra_object/episodes/episode_000005/images/primary/000035.jpg
extra_object,episode_000005,36,36,lift,0.125,0.125,0.0,1.4687668671409249e-05,7.206180999055505,7.206928115105256,0.0007471160497516394,/home/ubuntu/a0509_vla_linux_field_bundle_20260903/lhj/phase11_sim_condition_replication/real_dataset/baseline/episodes/episode_000005/images/primary/000036.jpg,/home/ubuntu/a0509_vla_linux_field_bundle_20260903/lhj/phase11_sim_condition_replication/real_dataset/extra_object/episodes/episode_000005/images/primary/000036.jpg
extra_object,episode_000005,37,37,lift,0.25,0.25,0.0,2.8723801260566173e-05,7.406267113052309,7.407409867970273,0.0011427549179643393,/home/ubuntu/a0509_vla_linux_field_bundle_20260903/lhj/phase11_sim_condition_replication/real_dataset/baseline/episodes/episode_000005/images/primary/000037.jpg,/home/ubuntu/a0509_vla_linux_field_bundle_20260903/lhj/phase11_sim_condition_replication/real_dataset/extra_object/episodes/episode_000005/images/primary/000037.jpg
extra_object,episode_000005,38,38,lift,0.375,0.375,0.0,0.00010215709795147188,7.606014030985534,7.610284750116989,0.004270719131454825,/home/ubuntu/a0509_vla_linux_field_bundle_20260903/lhj/phase11_sim_condition_replication/real_dataset/baseline/episodes/episode_000005/images/primary/000038.jpg,/home/ubuntu/a0509_vla_linux_field_bundle_20260903/lhj/phase11_sim_condition_replication/real_dataset/extra_object/episodes/episode_000005/images/primary/000038.jpg
extra_object,episode_000005,39,39,lift,0.5,0.5,0.0,0.00020117990349477477,7.808490788098425,7.809092519106343,0.0006017310079187155,/home/ubuntu/a0509_vla_linux_field_bundle_20260903/lhj/phase11_sim_condition_replication/real_dataset/baseline/episodes/episode_000005/images/primary/000039.jpg,/home/ubuntu/a0509_vla_linux_field_bundle_20260903/lhj/phase11_sim_condition_replication/real_dataset/extra_object/episodes/episode_000005/images/primary/000039.jpg
extra_object,episode_000005,40,40,lift,0.625,0.625,0.0,3.759325248886558e-05,8.005570285953581,8.009798688115552,0.004228402161970735,/home/ubuntu/a0509_vla_linux_field_bundle_20260903/lhj/phase11_sim_condition_replication/real_dataset/baseline/episodes/episode_000005/images/primary/000040.jpg,/home/ubuntu/a0509_vla_linux_field_bundle_20260903/lhj/phase11_sim_condition_replication/real_dataset/extra_object/episodes/episode_000005/images/primary/000040.jpg
extra_object,episode_000005,41,41,lift,0.75,0.75,0.0,0.0003979610062282979,8.20734621398151,8.207007206976414,-0.00033900700509548187,/home/ubuntu/a0509_vla_linux_field_bundle_20260903/lhj/phase11_sim_condition_replication/real_dataset/baseline/episodes/episode_000005/images/primary/000041.jpg,/home/ubuntu/a0509_vla_linux_field_bundle_20260903/lhj/phase11_sim_condition_replication/real_dataset/extra_object/episodes/episode_000005/images/primary/000041.jpg
extra_object,episode_000005,42,42,lift,0.875,0.875,0.0,0.0004235748134550632,8.406444316031411,8.406774826114997,0.00033051008358597755,/home/ubuntu/a0509_vla_linux_field_bundle_20260903/lhj/phase11_sim_condition_replication/real_dataset/baseline/episodes/episode_000005/images/primary/000042.jpg,/home/ubuntu/a0509_vla_linux_field_bundle_20260903/lhj/phase11_sim_condition_replication/real_dataset/extra_object/episodes/episode_000005/images/primary/000042.jpg
extra_object,episode_000005,43,43,lift,1.0,1.0,0.0,0.00048115187382063995,8.605823829071596,8.60632395814173,0.0005001290701329708,/home/ubuntu/a0509_vla_linux_field_bundle_20260903/lhj/phase11_sim_condition_replication/real_dataset/baseline/episodes/episode_000005/images/primary/000043.jpg,/home/ubuntu/a0509_vla_linux_field_bundle_20260903/lhj/phase11_sim_condition_replication/real_dataset/extra_object/episodes/episode_000005/images/primary/000043.jpg
distractor_swap,episode_000001,0,0,hold,0.0,0.0,0.0,1.2487326429872313e-06,0.0114889619871974,0.0140677560120821,0.0025787940248847008,/home/ubuntu/a0509_vla_linux_field_bundle_20260903/lhj/phase11_sim_condition_replication/real_dataset/baseline/episodes/episode_000001/images/primary/000000.jpg,/home/ubuntu/a0509_vla_linux_field_bundle_20260903/lhj/phase11_sim_condition_replication/real_dataset/distractor_swap/episodes/episode_000001/images/primary/000000.jpg
distractor_swap,episode_000001,1,1,hold,1.0,1.0,0.0,1.2487326429872313e-06,0.20896366704255342,0.20773544698022306,-0.0012282200623303652,/home/ubuntu/a0509_vla_linux_field_bundle_20260903/lhj/phase11_sim_condition_replication/real_dataset/baseline/episodes/episode_000001/images/primary/000001.jpg,/home/ubuntu/a0509_vla_linux_field_bundle_20260903/lhj/phase11_sim_condition_replication/real_dataset/distractor_swap/episodes/episode_000001/images/primary/000001.jpg
distractor_swap,episode_000001,2,2,alignment,0.0,0.0,0.0,0.0001917573802647784,0.40830154111608863,0.4066222310066223,-0.0016793101094663143,/home/ubuntu/a0509_vla_linux_field_bundle_20260903/lhj/phase11_sim_condition_replication/real_dataset/baseline/episodes/episode_000001/images/primary/000002.jpg,/home/ubuntu/a0509_vla_linux_field_bundle_20260903/lhj/phase11_sim_condition_replication/real_dataset/distractor_swap/episodes/episode_000001/images/primary/000002.jpg
distractor_swap,episode_000001,3,3,alignment,0.058823529411764705,0.058823529411764705,0.0,4.580227042327853e-06,0.6075640269555151,0.6072041508741677,-0.0003598760813474655,/home/ubuntu/a0509_vla_linux_field_bundle_20260903/lhj/phase11_sim_condition_replication/real_dataset/baseline/episodes/episode_000001/images/primary/000003.jpg,/home/ubuntu/a0509_vla_linux_field_bundle_20260903/lhj/phase11_sim_condition_replication/real_dataset/distractor_swap/episodes/episode_000001/images/primary/000003.jpg
distractor_swap,episode_000001,4,4,alignment,0.11764705882352941,0.11764705882352941,0.0,0.00012253130970401774,0.8056645269971341,0.8061693129129708,0.0005047859158366919,/home/ubuntu/a0509_vla_linux_field_bundle_20260903/lhj/phase11_sim_condition_replication/real_dataset/baseline/episodes/episode_000001/images/primary/000004.jpg,/home/ubuntu/a0509_vla_linux_field_bundle_20260903/lhj/phase11_sim_condition_replication/real_dataset/distractor_swap/episodes/episode_000001/images/primary/000004.jpg
distractor_swap,episode_000001,5,5,alignment,0.17647058823529413,0.17647058823529413,0.0,7.206900568683627e-05,1.0059178450610489,1.0059445418883115,2.669682726264e-05,/home/ubuntu/a0509_vla_linux_field_bundle_20260903/lhj/phase11_sim_condition_replication/real_dataset/baseline/episodes/episode_000001/images/primary/000005.jpg,/home/ubuntu/a0509_vla_linux_field_bundle_20260903/lhj/phase11_sim_condition_replication/real_dataset/distractor_swap/episodes/episode_000001/images/primary/000005.jpg
distractor_swap,episode_000001,6,6,alignment,0.23529411764705882,0.23529411764705882,0.0,0.0001481360861582029,1.2056538129691035,1.2061591879464686,0.0005053749773651361,/home/ubuntu/a0509_vla_linux_field_bundle_20260903/lhj/phase11_sim_condition_replication/real_dataset/baseline/episodes/episode_000001/images/primary/000006.jpg,/home/ubuntu/a0509_vla_linux_field_bundle_20260903/lhj/phase11_sim_condition_replication/real_dataset/distractor_swap/episodes/episode_000001/images/primary/000006.jpg
distractor_swap,episode_000001,7,7,alignment,0.29411764705882354,0.29411764705882354,0.0,0.0002230303873884317,1.4056148200761527,1.4065898868720978,0.0009750667959451675,/home/ubuntu/a0509_vla_linux_field_bundle_20260903/lhj/phase11_sim_condition_replication/real_dataset/baseline/episodes/episode_000001/images/primary/000007.jpg,/home/ubuntu/a0509_vla_linux_field_bundle_20260903/lhj/phase11_sim_condition_replication/real_dataset/distractor_swap/episodes/episode_000001/images/primary/000007.jpg
distractor_swap,episode_000001,8,8,alignment,0.35294117647058826,0.35294117647058826,0.0,0.0001965335885108585,1.6074942629784346,1.6081716320477426,0.0006773690693080425,/home/ubuntu/a0509_vla_linux_field_bundle_20260903/lhj/phase11_sim_condition_replication/real_dataset/baseline/episodes/episode_000001/images/primary/000008.jpg,/home/ubuntu/a0509_vla_linux_field_bundle_20260903/lhj/phase11_sim_condition_replication/real_dataset/distractor_swap/episodes/episode_000001/images/primary/000008.jpg
distractor_swap,episode_000001,9,9,alignment,0.4117647058823529,0.4117647058823529,0.0,0.0003870934171175295,1.8105045340489596,1.8066720839124173,-0.0038324501365423203,/home/ubuntu/a0509_vla_linux_field_bundle_20260903/lhj/phase11_sim_condition_replication/real_dataset/baseline/episodes/episode_000001/images/primary/000009.jpg,/home/ubuntu/a0509_vla_linux_field_bundle_20260903/lhj/phase11_sim_condition_replication/real_dataset/distractor_swap/episodes/episode_000001/images/primary/000009.jpg
distractor_swap,episode_000001,10,10,alignment,0.47058823529411764,0.47058823529411764,0.0,9.091430053381247e-05,2.007024008082226,2.0067101980093867,-0.0003138100728392601,/home/ubuntu/a0509_vla_linux_field_bundle_20260903/lhj/phase11_sim_condition_replication/real_dataset/baseline/episodes/episode_000001/images/primary/000010.jpg,/home/ubuntu/a0509_vla_linux_field_bundle_20260903/lhj/phase11_sim_condition_replication/real_dataset/distractor_swap/episodes/episode_000001/images/primary/000010.jpg
distractor_swap,episode_000001,11,11,alignment,0.5294117647058824,0.5294117647058824,0.0,0.00023660375330752747,2.209355429979041,2.206468168878928,-0.002887261100113392,/home/ubuntu/a0509_vla_linux_field_bundle_20260903/lhj/phase11_sim_condition_replication/real_dataset/baseline/episodes/episode_000001/images/primary/000011.jpg,/home/ubuntu/a0509_vla_linux_field_bundle_20260903/lhj/phase11_sim_condition_replication/real_dataset/distractor_swap/episodes/episode_000001/images/primary/000011.jpg
distractor_swap,episode_000001,12,12,alignment,0.5882352941176471,0.5882352941176471,0.0,4.748825441584752e-05,2.408496150979772,2.4069424278568476,-0.0015537231229245663,/home/ubuntu/a0509_vla_linux_field_bundle_20260903/lhj/phase11_sim_condition_replication/real_dataset/baseline/episodes/episode_000001/images/primary/000012.jpg,/home/ubuntu/a0509_vla_linux_field_bundle_20260903/lhj/phase11_sim_condition_replication/real_dataset/distractor_swap/episodes/episode_000001/images/primary/000012.jpg
distractor_swap,episode_000001,13,13,alignment,0.6470588235294118,0.6470588235294118,0.0,4.201933095231504e-05,2.608256708132103,2.6066479498986155,-0.001608758233487606,/home/ubuntu/a0509_vla_linux_field_bundle_20260903/lhj/phase11_sim_condition_replication/real_dataset/baseline/episodes/episode_000001/images/primary/000013.jpg,/home/ubuntu/a0509_vla_linux_field_bundle_20260903/lhj/phase11_sim_condition_replication/real_dataset/distractor_swap/episodes/episode_000001/images/primary/000013.jpg
distractor_swap,episode_000001,14,14,alignment,0.7058823529411765,0.7058823529411765,0.0,2.7278260317203237e-05,2.807892194017768,2.80629855603911,-0.00159363797865808,/home/ubuntu/a0509_vla_linux_field_bundle_20260903/lhj/phase11_sim_condition_replication/real_dataset/baseline/episodes/episode_000001/images/primary/000014.jpg,/home/ubuntu/a0509_vla_linux_field_bundle_20260903/lhj/phase11_sim_condition_replication/real_dataset/distractor_swap/episodes/episode_000001/images/primary/000014.jpg
distractor_swap,episode_000001,15,15,alignment,0.7647058823529411,0.7647058823529411,0.0,0.0003403531811941904,3.0057878959923983,3.006877854000777,0.0010899580083787441,/home/ubuntu/a0509_vla_linux_field_bundle_20260903/lhj/phase11_sim_condition_replication/real_dataset/baseline/episodes/episode_000001/images/primary/000015.jpg,/home/ubuntu/a0509_vla_linux_field_bundle_20260903/lhj/phase11_sim_condition_replication/real_dataset/distractor_swap/episodes/episode_000001/images/primary/000015.jpg
distractor_swap,episode_000001,16,16,alignment,0.8235294117647058,0.8235294117647058,0.0,0.00022515791363250374,3.207286945078522,3.207408878952265,0.00012193387374281883,/home/ubuntu/a0509_vla_linux_field_bundle_20260903/lhj/phase11_sim_condition_replication/real_dataset/baseline/episodes/episode_000001/images/primary/000016.jpg,/home/ubuntu/a0509_vla_linux_field_bundle_20260903/lhj/phase11_sim_condition_replication/real_dataset/distractor_swap/episodes/episode_000001/images/primary/000016.jpg
distractor_swap,episode_000001,17,17,alignment,0.8823529411764706,0.8823529411764706,0.0,0.00028311019177476864,3.4070767890661955,3.4075404200702906,0.0004636310040950775,/home/ubuntu/a0509_vla_linux_field_bundle_20260903/lhj/phase11_sim_condition_replication/real_dataset/baseline/episodes/episode_000001/images/primary/000017.jpg,/home/ubuntu/a0509_vla_linux_field_bundle_20260903/lhj/phase11_sim_condition_replication/real_dataset/distractor_swap/episodes/episode_000001/images/primary/000017.jpg
distractor_swap,episode_000001,18,18,alignment,0.9411764705882353,0.9411764705882353,0.0,0.0005476739125414124,3.605650704121217,3.6080184830352664,0.0023677789140492678,/home/ubuntu/a0509_vla_linux_field_bundle_20260903/lhj/phase11_sim_condition_replication/real_dataset/baseline/episodes/episode_000001/images/primary/000018.jpg,/home/ubuntu/a0509_vla_linux_field_bundle_20260903/lhj/phase11_sim_condition_replication/real_dataset/distractor_swap/episodes/episode_000001/images/primary/000018.jpg
distractor_swap,episode_000001,19,19,alignment,1.0,1.0,0.0,0.00012405969360777764,3.8072433271445334,3.8063115659169853,-0.0009317612275481224,/home/ubuntu/a0509_vla_linux_field_bundle_20260903/lhj/phase11_sim_condition_replication/real_dataset/baseline/episodes/episode_000001/images/primary/000019.jpg,/home/ubuntu/a0509_vla_linux_field_bundle_20260903/lhj/phase11_sim_condition_replication/real_dataset/distractor_swap/episodes/episode_000001/images/primary/000019.jpg
distractor_swap,episode_000001,20,20,descent_to_grasp,0.0,0.0,0.0,4.8858840182384215e-05,4.007283904124051,4.006324768066406,-0.0009591360576450825,/home/ubuntu/a0509_vla_linux_field_bundle_20260903/lhj/phase11_sim_condition_replication/real_dataset/baseline/episodes/episode_000001/images/primary/000020.jpg,/home/ubuntu/a0509_vla_linux_field_bundle_20260903/lhj/phase11_sim_condition_replication/real_dataset/distractor_swap/episodes/episode_000001/images/primary/000020.jpg
distractor_swap,episode_000001,21,21,descent_to_grasp,0.14285714285714285,0.14285714285714285,0.0,0.00026249098512869535,4.211635852931067,4.2065025409683585,-0.005133311962708831,/home/ubuntu/a0509_vla_linux_field_bundle_20260903/lhj/phase11_sim_condition_replication/real_dataset/baseline/episodes/episode_000001/images/primary/000021.jpg,/home/ubuntu/a0509_vla_linux_field_bundle_20260903/lhj/phase11_sim_condition_replication/real_dataset/distractor_swap/episodes/episode_000001/images/primary/000021.jpg
distractor_swap,episode_000001,22,22,descent_to_grasp,0.2857142857142857,0.2857142857142857,0.0,0.0001178242853422095,4.406183535000309,4.4069913239218295,0.0008077889215201139,/home/ubuntu/a0509_vla_linux_field_bundle_20260903/lhj/phase11_sim_condition_replication/real_dataset/baseline/episodes/episode_000001/images/primary/000022.jpg,/home/ubuntu/a0509_vla_linux_field_bundle_20260903/lhj/phase11_sim_condition_replication/real_dataset/distractor_swap/episodes/episode_000001/images/primary/000022.jpg
distractor_swap,episode_000001,23,23,descent_to_grasp,0.42857142857142855,0.42857142857142855,0.0,0.00029465078612274414,4.605748414061964,4.6095254209358245,0.0037770068738609552,/home/ubuntu/a0509_vla_linux_field_bundle_20260903/lhj/phase11_sim_condition_replication/real_dataset/baseline/episodes/episode_000001/images/primary/000023.jpg,/home/ubuntu/a0509_vla_linux_field_bundle_20260903/lhj/phase11_sim_condition_replication/real_dataset/distractor_swap/episodes/episode_000001/images/primary/000023.jpg
distractor_swap,episode_000001,24,24,descent_to_grasp,0.5714285714285714,0.5714285714285714,0.0,2.597634504198927e-06,4.806648371042684,4.806451261043549,-0.0001971099991351366,/home/ubuntu/a0509_vla_linux_field_bundle_20260903/lhj/phase11_sim_condition_replication/real_dataset/baseline/episodes/episode_000001/images/primary/000024.jpg,/home/ubuntu/a0509_vla_linux_field_bundle_20260903/lhj/phase11_sim_condition_replication/real_dataset/distractor_swap/episodes/episode_000001/images/primary/000024.jpg
distractor_swap,episode_000001,25,25,descent_to_grasp,0.7142857142857143,0.7142857142857143,0.0,0.00014224958108481262,5.008439937140793,5.006579411914572,-0.0018605252262204885,/home/ubuntu/a0509_vla_linux_field_bundle_20260903/lhj/phase11_sim_condition_replication/real_dataset/baseline/episodes/episode_000001/images/primary/000025.jpg,/home/ubuntu/a0509_vla_linux_field_bundle_20260903/lhj/phase11_sim_condition_replication/real_dataset/distractor_swap/episodes/episode_000001/images/primary/000025.jpg
distractor_swap,episode_000001,26,26,descent_to_grasp,0.8571428571428571,0.8571428571428571,0.0,5.753568514002021e-06,5.208159340079874,5.20884602307342,0.0006866829935461283,/home/ubuntu/a0509_vla_linux_field_bundle_20260903/lhj/phase11_sim_condition_replication/real_dataset/baseline/episodes/episode_000001/images/primary/000026.jpg,/home/ubuntu/a0509_vla_linux_field_bundle_20260903/lhj/phase11_sim_condition_replication/real_dataset/distractor_swap/episodes/episode_000001/images/primary/000026.jpg
distractor_swap,episode_000001,27,27,descent_to_grasp,1.0,1.0,0.0,4.8880696020439335e-05,5.4063151001464576,5.406577101908624,0.0002620017621666193,/home/ubuntu/a0509_vla_linux_field_bundle_20260903/lhj/phase11_sim_condition_replication/real_dataset/baseline/episodes/episode_000001/images/primary/000027.jpg,/home/ubuntu/a0509_vla_linux_field_bundle_20260903/lhj/phase11_sim_condition_replication/real_dataset/distractor_swap/episodes/episode_000001/images/primary/000027.jpg
distractor_swap,episode_000001,28,28,grasp_close,0.0,0.0,0.0,0.0,5.607379009947181,5.606385451974347,-0.0009935579728335142,/home/ubuntu/a0509_vla_linux_field_bundle_20260903/lhj/phase11_sim_condition_replication/real_dataset/baseline/episodes/episode_000001/images/primary/000028.jpg,/home/ubuntu/a0509_vla_linux_field_bundle_20260903/lhj/phase11_sim_condition_replication/real_dataset/distractor_swap/episodes/episode_000001/images/primary/000028.jpg
distractor_swap,episode_000001,29,29,grasp_close,0.1111111111111111,0.1111111111111111,0.0,0.0,5.805766494013369,5.806783532956615,0.001017038943246007,/home/ubuntu/a0509_vla_linux_field_bundle_20260903/lhj/phase11_sim_condition_replication/real_dataset/baseline/episodes/episode_000001/images/primary/000029.jpg,/home/ubuntu/a0509_vla_linux_field_bundle_20260903/lhj/phase11_sim_condition_replication/real_dataset/distractor_swap/episodes/episode_000001/images/primary/000029.jpg
distractor_swap,episode_000001,30,30,grasp_close,0.2222222222222222,0.2222222222222222,0.0,0.0,6.011126148980111,6.008966378867626,-0.0021597701124846935,/home/ubuntu/a0509_vla_linux_field_bundle_20260903/lhj/phase11_sim_condition_replication/real_dataset/baseline/episodes/episode_000001/images/primary/000030.jpg,/home/ubuntu/a0509_vla_linux_field_bundle_20260903/lhj/phase11_sim_condition_replication/real_dataset/distractor_swap/episodes/episode_000001/images/primary/000030.jpg
distractor_swap,episode_000001,31,31,grasp_close,0.3333333333333333,0.3333333333333333,0.0,0.0,6.208024030085653,6.206662975950167,-0.0013610541354864836,/home/ubuntu/a0509_vla_linux_field_bundle_20260903/lhj/phase11_sim_condition_replication/real_dataset/baseline/episodes/episode_000001/images/primary/000031.jpg,/home/ubuntu/a0509_vla_linux_field_bundle_20260903/lhj/phase11_sim_condition_replication/real_dataset/distractor_swap/episodes/episode_000001/images/primary/000031.jpg
distractor_swap,episode_000001,32,32,grasp_close,0.4444444444444444,0.4444444444444444,0.0,0.0,6.407445193966851,6.409321056911722,0.0018758629448711872,/home/ubuntu/a0509_vla_linux_field_bundle_20260903/lhj/phase11_sim_condition_replication/real_dataset/baseline/episodes/episode_000001/images/primary/000032.jpg,/home/ubuntu/a0509_vla_linux_field_bundle_20260903/lhj/phase11_sim_condition_replication/real_dataset/distractor_swap/episodes/episode_000001/images/primary/000032.jpg
distractor_swap,episode_000001,33,33,grasp_close,0.5555555555555556,0.5555555555555556,0.0,0.0,6.605974436970428,6.606594937853515,0.0006205008830875158,/home/ubuntu/a0509_vla_linux_field_bundle_20260903/lhj/phase11_sim_condition_replication/real_dataset/baseline/episodes/episode_000001/images/primary/000033.jpg,/home/ubuntu/a0509_vla_linux_field_bundle_20260903/lhj/phase11_sim_condition_replication/real_dataset/distractor_swap/episodes/episode_000001/images/primary/000033.jpg
distractor_swap,episode_000001,34,34,grasp_close,0.6666666666666666,0.6666666666666666,0.0,0.0,6.808866969076917,6.806056524859741,-0.0028104442171752453,/home/ubuntu/a0509_vla_linux_field_bundle_20260903/lhj/phase11_sim_condition_replication/real_dataset/baseline/episodes/episode_000001/images/primary/000034.jpg,/home/ubuntu/a0509_vla_linux_field_bundle_20260903/lhj/phase11_sim_condition_replication/real_dataset/distractor_swap/episodes/episode_000001/images/primary/000034.jpg
distractor_swap,episode_000001,35,35,grasp_close,0.7777777777777778,0.7777777777777778,0.0,0.0,7.007815076038241,7.006183537887409,-0.001631538150832057,/home/ubuntu/a0509_vla_linux_field_bundle_20260903/lhj/phase11_sim_condition_replication/real_dataset/baseline/episodes/episode_000001/images/primary/000035.jpg,/home/ubuntu/a0509_vla_linux_field_bundle_20260903/lhj/phase11_sim_condition_replication/real_dataset/distractor_swap/episodes/episode_000001/images/primary/000035.jpg
distractor_swap,episode_000001,36,36,grasp_close,0.8888888888888888,0.8888888888888888,0.0,0.0,7.207922433968633,7.206457850988954,-0.0014645829796791077,/home/ubuntu/a0509_vla_linux_field_bundle_20260903/lhj/phase11_sim_condition_replication/real_dataset/baseline/episodes/episode_000001/images/primary/000036.jpg,/home/ubuntu/a0509_vla_linux_field_bundle_20260903/lhj/phase11_sim_condition_replication/real_dataset/distractor_swap/episodes/episode_000001/images/primary/000036.jpg
distractor_swap,episode_000001,37,37,grasp_close,1.0,1.0,0.0,0.0,7.407552961958572,7.406132919015363,-0.0014200429432094097,/home/ubuntu/a0509_vla_linux_field_bundle_20260903/lhj/phase11_sim_condition_replication/real_dataset/baseline/episodes/episode_000001/images/primary/000037.jpg,/home/ubuntu/a0509_vla_linux_field_bundle_20260903/lhj/phase11_sim_condition_replication/real_dataset/distractor_swap/episodes/episode_000001/images/primary/000037.jpg
distractor_swap,episode_000001,38,38,lift,0.0,0.0,0.0,9.557116905856144e-05,7.606171583989635,7.606125884922221,-4.5699067413806915e-05,/home/ubuntu/a0509_vla_linux_field_bundle_20260903/lhj/phase11_sim_condition_replication/real_dataset/baseline/episodes/episode_000001/images/primary/000038.jpg,/home/ubuntu/a0509_vla_linux_field_bundle_20260903/lhj/phase11_sim_condition_replication/real_dataset/distractor_swap/episodes/episode_000001/images/primary/000038.jpg
distractor_swap,episode_000001,39,39,lift,0.125,0.125,0.0,8.293517753354962e-05,7.806857225950807,7.80690378206782,4.655611701309681e-05,/home/ubuntu/a0509_vla_linux_field_bundle_20260903/lhj/phase11_sim_condition_replication/real_dataset/baseline/episodes/episode_000001/images/primary/000039.jpg,/home/ubuntu/a0509_vla_linux_field_bundle_20260903/lhj/phase11_sim_condition_replication/real_dataset/distractor_swap/episodes/episode_000001/images/primary/000039.jpg
distractor_swap,episode_000001,40,40,lift,0.25,0.25,0.0,9.235582823691191e-05,8.007762884022668,8.007556079886854,-0.00020680413581430912,/home/ubuntu/a0509_vla_linux_field_bundle_20260903/lhj/phase11_sim_condition_replication/real_dataset/baseline/episodes/episode_000001/images/primary/000040.jpg,/home/ubuntu/a0509_vla_linux_field_bundle_20260903/lhj/phase11_sim_condition_replication/real_dataset/distractor_swap/episodes/episode_000001/images/primary/000040.jpg
distractor_swap,episode_000001,41,41,lift,0.375,0.375,0.0,2.4438432611628702e-05,8.206239856081083,8.206992408959195,0.0007525528781116009,/home/ubuntu/a0509_vla_linux_field_bundle_20260903/lhj/phase11_sim_condition_replication/real_dataset/baseline/episodes/episode_000001/images/primary/000041.jpg,/home/ubuntu/a0509_vla_linux_field_bundle_20260903/lhj/phase11_sim_condition_replication/real_dataset/distractor_swap/episodes/episode_000001/images/primary/000041.jpg
distractor_swap,episode_000001,42,42,lift,0.5,0.5,0.0,4.990220147876867e-05,8.406326968921348,8.406575290020555,0.00024832109920680523,/home/ubuntu/a0509_vla_linux_field_bundle_20260903/lhj/phase11_sim_condition_replication/real_dataset/baseline/episodes/episode_000001/images/primary/000042.jpg,/home/ubuntu/a0509_vla_linux_field_bundle_20260903/lhj/phase11_sim_condition_replication/real_dataset/distractor_swap/episodes/episode_000001/images/primary/000042.jpg
distractor_swap,episode_000001,43,43,lift,0.625,0.625,0.0,4.369388231506566e-06,8.60633012605831,8.607186364009976,0.0008562379516661167,/home/ubuntu/a0509_vla_linux_field_bundle_20260903/lhj/phase11_sim_condition_replication/real_dataset/baseline/episodes/episode_000001/images/primary/000043.jpg,/home/ubuntu/a0509_vla_linux_field_bundle_20260903/lhj/phase11_sim_condition_replication/real_dataset/distractor_swap/episodes/episode_000001/images/primary/000043.jpg
distractor_swap,episode_000001,44,44,lift,0.75,0.75,0.0,5.397259040695879e-06,8.806412013946101,8.807315879035741,0.0009038650896400213,/home/ubuntu/a0509_vla_linux_field_bundle_20260903/lhj/phase11_sim_condition_replication/real_dataset/baseline/episodes/episode_000001/images/primary/000044.jpg,/home/ubuntu/a0509_vla_linux_field_bundle_20260903/lhj/phase11_sim_condition_replication/real_dataset/distractor_swap/episodes/episode_000001/images/primary/000044.jpg
distractor_swap,episode_000001,45,45,lift,0.875,0.875,0.0,0.00018995628940970954,9.008942139102146,9.006679299054667,-0.002262840047478676,/home/ubuntu/a0509_vla_linux_field_bundle_20260903/lhj/phase11_sim_condition_replication/real_dataset/baseline/episodes/episode_000001/images/primary/000045.jpg,/home/ubuntu/a0509_vla_linux_field_bundle_20260903/lhj/phase11_sim_condition_replication/real_dataset/distractor_swap/episodes/episode_000001/images/primary/000045.jpg
distractor_swap,episode_000001,46,46,lift,1.0,1.0,0.0,2.1213325761049173e-05,9.206081212032586,9.206357785034925,0.0002765730023384094,/home/ubuntu/a0509_vla_linux_field_bundle_20260903/lhj/phase11_sim_condition_replication/real_dataset/baseline/episodes/episode_000001/images/primary/000046.jpg,/home/ubuntu/a0509_vla_linux_field_bundle_20260903/lhj/phase11_sim_condition_replication/real_dataset/distractor_swap/episodes/episode_000001/images/primary/000046.jpg
distractor_swap,episode_000002,0,0,hold,0.0,0.0,0.0,3.2024559624292034e-06,0.010748162865638733,0.0094908291939646,-0.0012573336716741323,/home/ubuntu/a0509_vla_linux_field_bundle_20260903/lhj/phase11_sim_condition_replication/real_dataset/baseline/episodes/episode_000002/images/primary/000000.jpg,/home/ubuntu/a0509_vla_linux_field_bundle_20260903/lhj/phase11_sim_condition_replication/real_dataset/distractor_swap/episodes/episode_000002/images/primary/000000.jpg
distractor_swap,episode_000002,1,1,hold,1.0,1.0,0.0,3.2024559624292034e-06,0.20685662096366286,0.20683245221152902,-2.4168752133846283e-05,/home/ubuntu/a0509_vla_linux_field_bundle_20260903/lhj/phase11_sim_condition_replication/real_dataset/baseline/episodes/episode_000002/images/primary/000001.jpg,/home/ubuntu/a0509_vla_linux_field_bundle_20260903/lhj/phase11_sim_condition_replication/real_dataset/distractor_swap/episodes/episode_000002/images/primary/000001.jpg
distractor_swap,episode_000002,2,2,alignment,0.0,0.0,0.0,0.00013744001625526041,0.4075704689603299,0.40702546713873744,-0.0005450018215924501,/home/ubuntu/a0509_vla_linux_field_bundle_20260903/lhj/phase11_sim_condition_replication/real_dataset/baseline/episodes/episode_000002/images/primary/000002.jpg,/home/ubuntu/a0509_vla_linux_field_bundle_20260903/lhj/phase11_sim_condition_replication/real_dataset/distractor_swap/episodes/episode_000002/images/primary/000002.jpg
distractor_swap,episode_000002,3,3,alignment,0.058823529411764705,0.058823529411764705,0.0,6.879450304455991e-05,0.6062069449108094,0.6070956601761281,0.0008887152653187513,/home/ubuntu/a0509_vla_linux_field_bundle_20260903/lhj/phase11_sim_condition_replication/real_dataset/baseline/episodes/episode_000002/images/primary/000003.jpg,/home/ubuntu/a0509_vla_linux_field_bundle_20260903/lhj/phase11_sim_condition_replication/real_dataset/distractor_swap/episodes/episode_000002/images/primary/000003.jpg
distractor_swap,episode_000002,4,4,alignment,0.11764705882352941,0.11764705882352941,0.0,0.0002551373120118188,0.808619098039344,0.8070300770923495,-0.0015890209469944239,/home/ubuntu/a0509_vla_linux_field_bundle_20260903/lhj/phase11_sim_condition_replication/real_dataset/baseline/episodes/episode_000002/images/primary/000004.jpg,/home/ubuntu/a0509_vla_linux_field_bundle_20260903/lhj/phase11_sim_condition_replication/real_dataset/distractor_swap/episodes/episode_000002/images/primary/000004.jpg
distractor_swap,episode_000002,5,5,alignment,0.17647058823529413,0.17647058823529413,0.0,5.159951079202449e-06,1.0068287700414658,1.0070702352095395,0.00024146516807377338,/home/ubuntu/a0509_vla_linux_field_bundle_20260903/lhj/phase11_sim_condition_replication/real_dataset/baseline/episodes/episode_000002/images/primary/000005.jpg,/home/ubuntu/a0509_vla_linux_field_bundle_20260903/lhj/phase11_sim_condition_replication/real_dataset/distractor_swap/episodes/episode_000002/images/primary/000005.jpg
distractor_swap,episode_000002,6,6,alignment,0.23529411764705882,0.23529411764705882,0.0,0.00023383001642865317,1.2089580448810011,1.2073506640736014,-0.0016073808073997498,/home/ubuntu/a0509_vla_linux_field_bundle_20260903/lhj/phase11_sim_condition_replication/real_dataset/baseline/episodes/episode_000002/images/primary/000006.jpg,/home/ubuntu/a0509_vla_linux_field_bundle_20260903/lhj/phase11_sim_condition_replication/real_dataset/distractor_swap/episodes/episode_000002/images/primary/000006.jpg
distractor_swap,episode_000002,7,7,alignment,0.29411764705882354,0.29411764705882354,0.0,0.0004055989980761672,1.4071631289552897,1.4101851421874017,0.003022013232111931,/home/ubuntu/a0509_vla_linux_field_bundle_20260903/lhj/phase11_sim_condition_replication/real_dataset/baseline/episodes/episode_000002/images/primary/000007.jpg,/home/ubuntu/a0509_vla_linux_field_bundle_20260903/lhj/phase11_sim_condition_replication/real_dataset/distractor_swap/episodes/episode_000002/images/primary/000007.jpg
distractor_swap,episode_000002,8,8,alignment,0.35294117647058826,0.35294117647058826,0.0,8.876028012052348e-05,1.605576687026769,1.606174681102857,0.0005979940760880709,/home/ubuntu/a0509_vla_linux_field_bundle_20260903/lhj/phase11_sim_condition_replication/real_dataset/baseline/episodes/episode_000002/images/primary/000008.jpg,/home/ubuntu/a0509_vla_linux_field_bundle_20260903/lhj/phase11_sim_condition_replication/real_dataset/distractor_swap/episodes/episode_000002/images/primary/000008.jpg
distractor_swap,episode_000002,9,9,alignment,0.4117647058823529,0.4117647058823529,0.0,0.00012192256213316784,1.8057977240532637,1.8065525761339813,0.0007548520807176828,/home/ubuntu/a0509_vla_linux_field_bundle_20260903/lhj/phase11_sim_condition_replication/real_dataset/baseline/episodes/episode_000002/images/primary/000009.jpg,/home/ubuntu/a0509_vla_linux_field_bundle_20260903/lhj/phase11_sim_condition_replication/real_dataset/distractor_swap/episodes/episode_000002/images/primary/000009.jpg
distractor_swap,episode_000002,10,10,alignment,0.47058823529411764,0.47058823529411764,0.0,1.1065487191901085e-05,2.007869469933212,2.0075553781352937,-0.0003140917979180813,/home/ubuntu/a0509_vla_linux_field_bundle_20260903/lhj/phase11_sim_condition_replication/real_dataset/baseline/episodes/episode_000002/images/primary/000010.jpg,/home/ubuntu/a0509_vla_linux_field_bundle_20260903/lhj/phase11_sim_condition_replication/real_dataset/distractor_swap/episodes/episode_000002/images/primary/000010.jpg
distractor_swap,episode_000002,11,11,alignment,0.5294117647058824,0.5294117647058824,0.0,4.610550668466547e-05,2.206066549057141,2.2060866612009704,2.0112143829464912e-05,/home/ubuntu/a0509_vla_linux_field_bundle_20260903/lhj/phase11_sim_condition_replication/real_dataset/baseline/episodes/episode_000002/images/primary/000011.jpg,/home/ubuntu/a0509_vla_linux_field_bundle_20260903/lhj/phase11_sim_condition_replication/real_dataset/distractor_swap/episodes/episode_000002/images/primary/000011.jpg
distractor_swap,episode_000002,12,12,alignment,0.5882352941176471,0.5882352941176471,0.0,1.7538931361949264e-05,2.4069789960049093,2.4067002201918513,-0.0002787758130580187,/home/ubuntu/a0509_vla_linux_field_bundle_20260903/lhj/phase11_sim_condition_replication/real_dataset/baseline/episodes/episode_000002/images/primary/000012.jpg,/home/ubuntu/a0509_vla_linux_field_bundle_20260903/lhj/phase11_sim_condition_replication/real_dataset/distractor_swap/episodes/episode_000002/images/primary/000012.jpg
distractor_swap,episode_000002,13,13,alignment,0.6470588235294118,0.6470588235294118,0.0,1.5181968817621541e-05,2.6078228938858956,2.607438706094399,-0.0003841877914965153,/home/ubuntu/a0509_vla_linux_field_bundle_20260903/lhj/phase11_sim_condition_replication/real_dataset/baseline/episodes/episode_000002/images/primary/000013.jpg,/home/ubuntu/a0509_vla_linux_field_bundle_20260903/lhj/phase11_sim_condition_replication/real_dataset/distractor_swap/episodes/episode_000002/images/primary/000013.jpg
distractor_swap,episode_000002,14,14,alignment,0.7058823529411765,0.7058823529411765,0.0,0.0002026838376562059,2.8055110319983214,2.806423335103318,0.0009123031049966812,/home/ubuntu/a0509_vla_linux_field_bundle_20260903/lhj/phase11_sim_condition_replication/real_dataset/baseline/episodes/episode_000002/images/primary/000014.jpg,/home/ubuntu/a0509_vla_linux_field_bundle_20260903/lhj/phase11_sim_condition_replication/real_dataset/distractor_swap/episodes/episode_000002/images/primary/000014.jpg
distractor_swap,episode_000002,15,15,alignment,0.7647058823529411,0.7647058823529411,0.0,0.00127845004932166,3.0161829139105976,3.0060781890060753,-0.0101047249045223,/home/ubuntu/a0509_vla_linux_field_bundle_20260903/lhj/phase11_sim_condition_replication/real_dataset/baseline/episodes/episode_000002/images/primary/000015.jpg,/home/ubuntu/a0509_vla_linux_field_bundle_20260903/lhj/phase11_sim_condition_replication/real_dataset/distractor_swap/episodes/episode_000002/images/primary/000015.jpg
distractor_swap,episode_000002,16,16,alignment,0.8235294117647058,0.8235294117647058,0.0,4.1943333970586715e-05,3.2067668768577278,3.205698954174295,-0.0010679226834326982,/home/ubuntu/a0509_vla_linux_field_bundle_20260903/lhj/phase11_sim_condition_replication/real_dataset/baseline/episodes/episode_000002/images/primary/000016.jpg,/home/ubuntu/a0509_vla_linux_field_bundle_20260903/lhj/phase11_sim_condition_replication/real_dataset/distractor_swap/episodes/episode_000002/images/primary/000016.jpg
distractor_swap,episode_000002,17,17,alignment,0.8823529411764706,0.8823529411764706,0.0,0.00014157103865370218,3.408906760858372,3.407015359029174,-0.0018914018291980028,/home/ubuntu/a0509_vla_linux_field_bundle_20260903/lhj/phase11_sim_condition_replication/real_dataset/baseline/episodes/episode_000002/images/primary/000017.jpg,/home/ubuntu/a0509_vla_linux_field_bundle_20260903/lhj/phase11_sim_condition_replication/real_dataset/distractor_swap/episodes/episode_000002/images/primary/000017.jpg
distractor_swap,episode_000002,18,18,alignment,0.9411764705882353,0.9411764705882353,0.0,0.0004307703432079898,3.611251571914181,3.6071383561939,-0.004113215720281005,/home/ubuntu/a0509_vla_linux_field_bundle_20260903/lhj/phase11_sim_condition_replication/real_dataset/baseline/episodes/episode_000002/images/primary/000018.jpg,/home/ubuntu/a0509_vla_linux_field_bundle_20260903/lhj/phase11_sim_condition_replication/real_dataset/distractor_swap/episodes/episode_000002/images/primary/000018.jpg
distractor_swap,episode_000002,19,19,alignment,1.0,1.0,0.0,5.500845963381444e-05,3.8070386429317296,3.8064226421993226,-0.0006160007324069738,/home/ubuntu/a0509_vla_linux_field_bundle_20260903/lhj/phase11_sim_condition_replication/real_dataset/baseline/episodes/episode_000002/images/primary/000019.jpg,/home/ubuntu/a0509_vla_linux_field_bundle_20260903/lhj/phase11_sim_condition_replication/real_dataset/distractor_swap/episodes/episode_000002/images/primary/000019.jpg
distractor_swap,episode_000002,20,20,descent_to_grasp,0.0,0.0,0.0,1.5861651927310326e-05,4.007425867021084,4.006068915128708,-0.001356951892375946,/home/ubuntu/a0509_vla_linux_field_bundle_20260903/lhj/phase11_sim_condition_replication/real_dataset/baseline/episodes/episode_000002/images/primary/000020.jpg,/home/ubuntu/a0509_vla_linux_field_bundle_20260903/lhj/phase11_sim_condition_replication/real_dataset/distractor_swap/episodes/episode_000002/images/primary/000020.jpg
distractor_swap,episode_000002,21,21,descent_to_grasp,0.125,0.125,0.0,2.2844878599272143e-05,4.207641263026744,4.2067479020915926,-0.000893360935151577,/home/ubuntu/a0509_vla_linux_field_bundle_20260903/lhj/phase11_sim_condition_replication/real_dataset/baseline/episodes/episode_000002/images/primary/000021.jpg,/home/ubuntu/a0509_vla_linux_field_bundle_20260903/lhj/phase11_sim_condition_replication/real_dataset/distractor_swap/episodes/episode_000002/images/primary/000021.jpg
distractor_swap,episode_000002,22,22,descent_to_grasp,0.25,0.25,0.0,0.0003571545136344934,4.412648255005479,4.406086251139641,-0.006562003865838051,/home/ubuntu/a0509_vla_linux_field_bundle_20260903/lhj/phase11_sim_condition_replication/real_dataset/baseline/episodes/episode_000002/images/primary/000022.jpg,/home/ubuntu/a0509_vla_linux_field_bundle_20260903/lhj/phase11_sim_condition_replication/real_dataset/distractor_swap/episodes/episode_000002/images/primary/000022.jpg
distractor_swap,episode_000002,23,23,descent_to_grasp,0.375,0.375,0.0,0.00017096548195666436,4.605588546954095,4.606658790027723,0.0010702430736273527,/home/ubuntu/a0509_vla_linux_field_bundle_20260903/lhj/phase11_sim_condition_replication/real_dataset/baseline/episodes/episode_000002/images/primary/000023.jpg,/home/ubuntu/a0509_vla_linux_field_bundle_20260903/lhj/phase11_sim_condition_replication/real_dataset/distractor_swap/episodes/episode_000002/images/primary/000023.jpg
distractor_swap,episode_000002,24,24,descent_to_grasp,0.5,0.5,0.0,0.0001413117077095603,4.807207016041502,4.807739347219467,0.0005323311779648066,/home/ubuntu/a0509_vla_linux_field_bundle_20260903/lhj/phase11_sim_condition_replication/real_dataset/baseline/episodes/episode_000002/images/primary/000024.jpg,/home/ubuntu/a0509_vla_linux_field_bundle_20260903/lhj/phase11_sim_condition_replication/real_dataset/distractor_swap/episodes/episode_000002/images/primary/000024.jpg
distractor_swap,episode_000002,25,25,descent_to_grasp,0.625,0.625,0.0,2.868228227452528e-05,5.008504183962941,5.00644421717152,-0.002059966791421175,/home/ubuntu/a0509_vla_linux_field_bundle_20260903/lhj/phase11_sim_condition_replication/real_dataset/baseline/episodes/episode_000002/images/primary/000025.jpg,/home/ubuntu/a0509_vla_linux_field_bundle_20260903/lhj/phase11_sim_condition_replication/real_dataset/distractor_swap/episodes/episode_000002/images/primary/000025.jpg
distractor_swap,episode_000002,26,26,descent_to_grasp,0.75,0.75,0.0,1.0286885122225615e-05,5.20760643389076,5.2060144760180265,-0.0015919578727334738,/home/ubuntu/a0509_vla_linux_field_bundle_20260903/lhj/phase11_sim_condition_replication/real_dataset/baseline/episodes/episode_000002/images/primary/000026.jpg,/home/ubuntu/a0509_vla_linux_field_bundle_20260903/lhj/phase11_sim_condition_replication/real_dataset/distractor_swap/episodes/episode_000002/images/primary/000026.jpg
distractor_swap,episode_000002,27,27,descent_to_grasp,0.875,0.875,0.0,8.67720933392368e-06,5.408523174002767,5.406550160143524,-0.001973013859242201,/home/ubuntu/a0509_vla_linux_field_bundle_20260903/lhj/phase11_sim_condition_replication/real_dataset/baseline/episodes/episode_000002/images/primary/000027.jpg,/home/ubuntu/a0509_vla_linux_field_bundle_20260903/lhj/phase11_sim_condition_replication/real_dataset/distractor_swap/episodes/episode_000002/images/primary/000027.jpg
distractor_swap,episode_000002,28,28,descent_to_grasp,1.0,1.0,0.0,0.0002295625625631714,5.606417082017288,5.607829979155213,0.0014128971379250288,/home/ubuntu/a0509_vla_linux_field_bundle_20260903/lhj/phase11_sim_condition_replication/real_dataset/baseline/episodes/episode_000002/images/primary/000028.jpg,/home/ubuntu/a0509_vla_linux_field_bundle_20260903/lhj/phase11_sim_condition_replication/real_dataset/distractor_swap/episodes/episode_000002/images/primary/000028.jpg
distractor_swap,episode_000002,29,29,grasp_close,0.0,0.0,0.0,0.0,5.806829740060493,5.806132104014978,-0.0006976360455155373,/home/ubuntu/a0509_vla_linux_field_bundle_20260903/lhj/phase11_sim_condition_replication/real_dataset/baseline/episodes/episode_000002/images/primary/000029.jpg,/home/ubuntu/a0509_vla_linux_field_bundle_20260903/lhj/phase11_sim_condition_replication/real_dataset/distractor_swap/episodes/episode_000002/images/primary/000029.jpg
distractor_swap,episode_000002,30,30,grasp_close,0.1111111111111111,0.1111111111111111,0.0,0.0,6.008716550888494,6.009186739102006,0.00047018821351230145,/home/ubuntu/a0509_vla_linux_field_bundle_20260903/lhj/phase11_sim_condition_replication/real_dataset/baseline/episodes/episode_000002/images/primary/000030.jpg,/home/ubuntu/a0509_vla_linux_field_bundle_20260903/lhj/phase11_sim_condition_replication/real_dataset/distractor_swap/episodes/episode_000002/images/primary/000030.jpg
distractor_swap,episode_000002,31,31,grasp_close,0.2222222222222222,0.2222222222222222,0.0,0.0,6.206542590865865,6.207982727093622,0.0014401362277567387,/home/ubuntu/a0509_vla_linux_field_bundle_20260903/lhj/phase11_sim_condition_replication/real_dataset/baseline/episodes/episode_000002/images/primary/000031.jpg,/home/ubuntu/a0509_vla_linux_field_bundle_20260903/lhj/phase11_sim_condition_replication/real_dataset/distractor_swap/episodes/episode_000002/images/primary/000031.jpg
distractor_swap,episode_000002,32,32,grasp_close,0.3333333333333333,0.3333333333333333,0.0,0.0,6.40689897001721,6.405685011064634,-0.001213958952575922,/home/ubuntu/a0509_vla_linux_field_bundle_20260903/lhj/phase11_sim_condition_replication/real_dataset/baseline/episodes/episode_000002/images/primary/000032.jpg,/home/ubuntu/a0509_vla_linux_field_bundle_20260903/lhj/phase11_sim_condition_replication/real_dataset/distractor_swap/episodes/episode_000002/images/primary/000032.jpg
distractor_swap,episode_000002,33,33,grasp_close,0.4444444444444444,0.4444444444444444,0.0,0.0,6.606206509983167,6.608028531074524,0.0018220210913568735,/home/ubuntu/a0509_vla_linux_field_bundle_20260903/lhj/phase11_sim_condition_replication/real_dataset/baseline/episodes/episode_000002/images/primary/000033.jpg,/home/ubuntu/a0509_vla_linux_field_bundle_20260903/lhj/phase11_sim_condition_replication/real_dataset/distractor_swap/episodes/episode_000002/images/primary/000033.jpg
distractor_swap,episode_000002,34,34,grasp_close,0.5555555555555556,0.5555555555555556,0.0,0.0,6.807834794046357,6.807921504136175,8.671008981764317e-05,/home/ubuntu/a0509_vla_linux_field_bundle_20260903/lhj/phase11_sim_condition_replication/real_dataset/baseline/episodes/episode_000002/images/primary/000034.jpg,/home/ubuntu/a0509_vla_linux_field_bundle_20260903/lhj/phase11_sim_condition_replication/real_dataset/distractor_swap/episodes/episode_000002/images/primary/000034.jpg
distractor_swap,episode_000002,35,35,grasp_close,0.6666666666666666,0.6666666666666666,0.0,0.0,7.0098077559378,7.0101165901869535,0.00030883424915373325,/home/ubuntu/a0509_vla_linux_field_bundle_20260903/lhj/phase11_sim_condition_replication/real_dataset/baseline/episodes/episode_000002/images/primary/000035.jpg,/home/ubuntu/a0509_vla_linux_field_bundle_20260903/lhj/phase11_sim_condition_replication/real_dataset/distractor_swap/episodes/episode_000002/images/primary/000035.jpg
distractor_swap,episode_000002,36,36,grasp_close,0.7777777777777778,0.7777777777777778,0.0,0.0,7.2071409788914025,7.208909778157249,0.00176879926584661,/home/ubuntu/a0509_vla_linux_field_bundle_20260903/lhj/phase11_sim_condition_replication/real_dataset/baseline/episodes/episode_000002/images/primary/000036.jpg,/home/ubuntu/a0509_vla_linux_field_bundle_20260903/lhj/phase11_sim_condition_replication/real_dataset/distractor_swap/episodes/episode_000002/images/primary/000036.jpg
distractor_swap,episode_000002,37,37,grasp_close,0.8888888888888888,0.8888888888888888,0.0,0.0,7.40772069292143,7.410502245184034,0.0027815522626042366,/home/ubuntu/a0509_vla_linux_field_bundle_20260903/lhj/phase11_sim_condition_replication/real_dataset/baseline/episodes/episode_000002/images/primary/000037.jpg,/home/ubuntu/a0509_vla_linux_field_bundle_20260903/lhj/phase11_sim_condition_replication/real_dataset/distractor_swap/episodes/episode_000002/images/primary/000037.jpg
distractor_swap,episode_000002,38,38,grasp_close,1.0,1.0,0.0,0.0,7.607802111888304,7.605873831082135,-0.0019282808061689138,/home/ubuntu/a0509_vla_linux_field_bundle_20260903/lhj/phase11_sim_condition_replication/real_dataset/baseline/episodes/episode_000002/images/primary/000038.jpg,/home/ubuntu/a0509_vla_linux_field_bundle_20260903/lhj/phase11_sim_condition_replication/real_dataset/distractor_swap/episodes/episode_000002/images/primary/000038.jpg
distractor_swap,episode_000002,39,39,lift,0.0,0.0,0.0,8.551690907460108e-05,7.808420154964551,7.80732154706493,-0.001098607899621129,/home/ubuntu/a0509_vla_linux_field_bundle_20260903/lhj/phase11_sim_condition_replication/real_dataset/baseline/episodes/episode_000002/images/primary/000039.jpg,/home/ubuntu/a0509_vla_linux_field_bundle_20260903/lhj/phase11_sim_condition_replication/real_dataset/distractor_swap/episodes/episode_000002/images/primary/000039.jpg
distractor_swap,episode_000002,40,40,lift,0.14285714285714285,0.14285714285714285,0.0,8.678348230056754e-05,8.010854789987206,8.007112071150914,-0.0037427188362926245,/home/ubuntu/a0509_vla_linux_field_bundle_20260903/lhj/phase11_sim_condition_replication/real_dataset/baseline/episodes/episode_000002/images/primary/000040.jpg,/home/ubuntu/a0509_vla_linux_field_bundle_20260903/lhj/phase11_sim_condition_replication/real_dataset/distractor_swap/episodes/episode_000002/images/primary/000040.jpg
distractor_swap,episode_000002,41,41,lift,0.2857142857142857,0.2857142857142857,0.0,0.0003491122841136063,8.2081122410018,8.21122983819805,0.003117597196251154,/home/ubuntu/a0509_vla_linux_field_bundle_20260903/lhj/phase11_sim_condition_replication/real_dataset/baseline/episodes/episode_000002/images/primary/000041.jpg,/home/ubuntu/a0509_vla_linux_field_bundle_20260903/lhj/phase11_sim_condition_replication/real_dataset/distractor_swap/episodes/episode_000002/images/primary/000041.jpg
distractor_swap,episode_000002,42,42,lift,0.42857142857142855,0.42857142857142855,0.0,2.7787319373528963e-05,8.40822334587574,8.406367123126984,-0.0018562227487564087,/home/ubuntu/a0509_vla_linux_field_bundle_20260903/lhj/phase11_sim_condition_replication/real_dataset/baseline/episodes/episode_000002/images/primary/000042.jpg,/home/ubuntu/a0509_vla_linux_field_bundle_20260903/lhj/phase11_sim_condition_replication/real_dataset/distractor_swap/episodes/episode_000002/images/primary/000042.jpg
distractor_swap,episode_000002,43,43,lift,0.5714285714285714,0.5714285714285714,0.0,2.7458114353451357e-05,8.607261358061805,8.605447993148118,-0.00181336491368711,/home/ubuntu/a0509_vla_linux_field_bundle_20260903/lhj/phase11_sim_condition_replication/real_dataset/baseline/episodes/episode_000002/images/primary/000043.jpg,/home/ubuntu/a0509_vla_linux_field_bundle_20260903/lhj/phase11_sim_condition_replication/real_dataset/distractor_swap/episodes/episode_000002/images/primary/000043.jpg
distractor_swap,episode_000002,44,44,lift,0.7142857142857143,0.7142857142857143,0.0,8.818545887395723e-05,8.806994170881808,8.806178102036938,-0.0008160688448697329,/home/ubuntu/a0509_vla_linux_field_bundle_20260903/lhj/phase11_sim_condition_replication/real_dataset/baseline/episodes/episode_000002/images/primary/000044.jpg,/home/ubuntu/a0509_vla_linux_field_bundle_20260903/lhj/phase11_sim_condition_replication/real_dataset/distractor_swap/episodes/episode_000002/images/primary/000044.jpg
distractor_swap,episode_000002,45,45,lift,0.8571428571428571,0.8571428571428571,0.0,0.00011362937516096183,9.010220275959,9.006298997206613,-0.00392127875238657,/home/ubuntu/a0509_vla_linux_field_bundle_20260903/lhj/phase11_sim_condition_replication/real_dataset/baseline/episodes/episode_000002/images/primary/000045.jpg,/home/ubuntu/a0509_vla_linux_field_bundle_20260903/lhj/phase11_sim_condition_replication/real_dataset/distractor_swap/episodes/episode_000002/images/primary/000045.jpg
distractor_swap,episode_000002,46,46,lift,1.0,1.0,0.0,6.370895443447155e-05,9.207315096864477,9.20621302514337,-0.0011020717211067677,/home/ubuntu/a0509_vla_linux_field_bundle_20260903/lhj/phase11_sim_condition_replication/real_dataset/baseline/episodes/episode_000002/images/primary/000046.jpg,/home/ubuntu/a0509_vla_linux_field_bundle_20260903/lhj/phase11_sim_condition_replication/real_dataset/distractor_swap/episodes/episode_000002/images/primary/000046.jpg
distractor_swap,episode_000003,0,0,hold,0.0,0.0,0.0,1.4779096758018223e-06,0.009423580020666122,0.009052874986082315,-0.000370705034583807,/home/ubuntu/a0509_vla_linux_field_bundle_20260903/lhj/phase11_sim_condition_replication/real_dataset/baseline/episodes/episode_000003/images/primary/000000.jpg,/home/ubuntu/a0509_vla_linux_field_bundle_20260903/lhj/phase11_sim_condition_replication/real_dataset/distractor_swap/episodes/episode_000003/images/primary/000000.jpg
distractor_swap,episode_000003,1,1,hold,1.0,1.0,0.0,1.4779096758018223e-06,0.20912956399843097,0.2084540599025786,-0.000675504095852375,/home/ubuntu/a0509_vla_linux_field_bundle_20260903/lhj/phase11_sim_condition_replication/real_dataset/baseline/episodes/episode_000003/images/primary/000001.jpg,/home/ubuntu/a0509_vla_linux_field_bundle_20260903/lhj/phase11_sim_condition_replication/real_dataset/distractor_swap/episodes/episode_000003/images/primary/000001.jpg
distractor_swap,episode_000003,2,2,alignment,0.0,0.0,0.0,0.0003742695620610911,0.40920318895950913,0.4058929879684001,-0.0033102009911090136,/home/ubuntu/a0509_vla_linux_field_bundle_20260903/lhj/phase11_sim_condition_replication/real_dataset/baseline/episodes/episode_000003/images/primary/000002.jpg,/home/ubuntu/a0509_vla_linux_field_bundle_20260903/lhj/phase11_sim_condition_replication/real_dataset/distractor_swap/episodes/episode_000003/images/primary/000002.jpg
distractor_swap,episode_000003,3,3,alignment,0.06666666666666667,0.06666666666666667,0.0,0.0002883832580418771,0.6087354028131813,0.6061689590569586,-0.002566443756222725,/home/ubuntu/a0509_vla_linux_field_bundle_20260903/lhj/phase11_sim_condition_replication/real_dataset/baseline/episodes/episode_000003/images/primary/000003.jpg,/home/ubuntu/a0509_vla_linux_field_bundle_20260903/lhj/phase11_sim_condition_replication/real_dataset/distractor_swap/episodes/episode_000003/images/primary/000003.jpg
distractor_swap,episode_000003,4,4,alignment,0.13333333333333333,0.13333333333333333,0.0,3.3625983758224935e-06,0.8057060840073973,0.8055311569478363,-0.00017492705956101418,/home/ubuntu/a0509_vla_linux_field_bundle_20260903/lhj/phase11_sim_condition_replication/real_dataset/baseline/episodes/episode_000003/images/primary/000004.jpg,/home/ubuntu/a0509_vla_linux_field_bundle_20260903/lhj/phase11_sim_condition_replication/real_dataset/distractor_swap/episodes/episode_000003/images/primary/000004.jpg
distractor_swap,episode_000003,5,5,alignment,0.2,0.2,0.0,6.714504889643715e-05,1.005664066877216,1.006056573940441,0.0003925070632249117,/home/ubuntu/a0509_vla_linux_field_bundle_20260903/lhj/phase11_sim_condition_replication/real_dataset/baseline/episodes/episode_000003/images/primary/000005.jpg,/home/ubuntu/a0509_vla_linux_field_bundle_20260903/lhj/phase11_sim_condition_replication/real_dataset/distractor_swap/episodes/episode_000003/images/primary/000005.jpg
distractor_swap,episode_000003,6,6,alignment,0.26666666666666666,0.26666666666666666,0.0,9.624206176583284e-05,1.205521090887487,1.2062025158666074,0.0006814249791204929,/home/ubuntu/a0509_vla_linux_field_bundle_20260903/lhj/phase11_sim_condition_replication/real_dataset/baseline/episodes/episode_000003/images/primary/000006.jpg,/home/ubuntu/a0509_vla_linux_field_bundle_20260903/lhj/phase11_sim_condition_replication/real_dataset/distractor_swap/episodes/episode_000003/images/primary/000006.jpg
distractor_swap,episode_000003,7,7,alignment,0.3333333333333333,0.3333333333333333,0.0,2.1355780335486523e-05,1.4060329739004374,1.4061704298947006,0.00013745599426329136,/home/ubuntu/a0509_vla_linux_field_bundle_20260903/lhj/phase11_sim_condition_replication/real_dataset/baseline/episodes/episode_000003/images/primary/000007.jpg,/home/ubuntu/a0509_vla_linux_field_bundle_20260903/lhj/phase11_sim_condition_replication/real_dataset/distractor_swap/episodes/episode_000003/images/primary/000007.jpg
distractor_swap,episode_000003,8,8,alignment,0.4,0.4,0.0,0.00042672970421643185,1.6058726999908686,1.6093134810216725,0.003440781030803919,/home/ubuntu/a0509_vla_linux_field_bundle_20260903/lhj/phase11_sim_condition_replication/real_dataset/baseline/episodes/episode_000003/images/primary/000008.jpg,/home/ubuntu/a0509_vla_linux_field_bundle_20260903/lhj/phase11_sim_condition_replication/real_dataset/distractor_swap/episodes/episode_000003/images/primary/000008.jpg
distractor_swap,episode_000003,9,9,alignment,0.4666666666666667,0.4666666666666667,0.0,0.00035063178441544125,1.809054268989712,1.806324329925701,-0.0027299390640109777,/home/ubuntu/a0509_vla_linux_field_bundle_20260903/lhj/phase11_sim_condition_replication/real_dataset/baseline/episodes/episode_000003/images/primary/000009.jpg,/home/ubuntu/a0509_vla_linux_field_bundle_20260903/lhj/phase11_sim_condition_replication/real_dataset/distractor_swap/episodes/episode_000003/images/primary/000009.jpg
distractor_swap,episode_000003,10,10,alignment,0.5333333333333333,0.5333333333333333,0.0,0.0005192459327299778,2.006263092858717,2.0105568328872323,0.004293740028515458,/home/ubuntu/a0509_vla_linux_field_bundle_20260903/lhj/phase11_sim_condition_replication/real_dataset/baseline/episodes/episode_000003/images/primary/000010.jpg,/home/ubuntu/a0509_vla_linux_field_bundle_20260903/lhj/phase11_sim_condition_replication/real_dataset/distractor_swap/episodes/episode_000003/images/primary/000010.jpg
distractor_swap,episode_000003,11,11,alignment,0.6,0.6,0.0,0.0002503173826520507,2.209464320912957,2.211660410044715,0.002196089131757617,/home/ubuntu/a0509_vla_linux_field_bundle_20260903/lhj/phase11_sim_condition_replication/real_dataset/baseline/episodes/episode_000003/images/primary/000011.jpg,/home/ubuntu/a0509_vla_linux_field_bundle_20260903/lhj/phase11_sim_condition_replication/real_dataset/distractor_swap/episodes/episode_000003/images/primary/000011.jpg
distractor_swap,episode_000003,12,12,alignment,0.6666666666666666,0.6666666666666666,0.0,0.00034913786992797386,2.408597848843783,2.406047296943143,-0.00255055190064013,/home/ubuntu/a0509_vla_linux_field_bundle_20260903/lhj/phase11_sim_condition_replication/real_dataset/baseline/episodes/episode_000003/images/primary/000012.jpg,/home/ubuntu/a0509_vla_linux_field_bundle_20260903/lhj/phase11_sim_condition_replication/real_dataset/distractor_swap/episodes/episode_000003/images/primary/000012.jpg
distractor_swap,episode_000003,13,13,alignment,0.7333333333333333,0.7333333333333333,0.0,0.0007144120578287659,2.611513383919373,2.606093273963779,-0.005420109955593944,/home/ubuntu/a0509_vla_linux_field_bundle_20260903/lhj/phase11_sim_condition_replication/real_dataset/baseline/episodes/episode_000003/images/primary/000013.jpg,/home/ubuntu/a0509_vla_linux_field_bundle_20260903/lhj/phase11_sim_condition_replication/real_dataset/distractor_swap/episodes/episode_000003/images/primary/000013.jpg
distractor_swap,episode_000003,14,14,alignment,0.8,0.8,0.0,0.0005172396571878176,2.809982994804159,2.8061978600453585,-0.003785134758800268,/home/ubuntu/a0509_vla_linux_field_bundle_20260903/lhj/phase11_sim_condition_replication/real_dataset/baseline/episodes/episode_000003/images/primary/000014.jpg,/home/ubuntu/a0509_vla_linux_field_bundle_20260903/lhj/phase11_sim_condition_replication/real_dataset/distractor_swap/episodes/episode_000003/images/primary/000014.jpg
distractor_swap,episode_000003,15,15,alignment,0.8666666666666667,0.8666666666666667,0.0,0.00012047064804997354,3.0062740929424763,3.005722298985347,-0.0005517939571291208,/home/ubuntu/a0509_vla_linux_field_bundle_20260903/lhj/phase11_sim_condition_replication/real_dataset/baseline/episodes/episode_000003/images/primary/000015.jpg,/home/ubuntu/a0509_vla_linux_field_bundle_20260903/lhj/phase11_sim_condition_replication/real_dataset/distractor_swap/episodes/episode_000003/images/primary/000015.jpg
distractor_swap,episode_000003,16,16,alignment,0.9333333333333333,0.9333333333333333,0.0,2.1175698952733893e-05,3.206659847870469,3.206959465984255,0.00029961811378598213,/home/ubuntu/a0509_vla_linux_field_bundle_20260903/lhj/phase11_sim_condition_replication/real_dataset/baseline/episodes/episode_000003/images/primary/000016.jpg,/home/ubuntu/a0509_vla_linux_field_bundle_20260903/lhj/phase11_sim_condition_replication/real_dataset/distractor_swap/episodes/episode_000003/images/primary/000016.jpg
distractor_swap,episode_000003,17,17,alignment,1.0,1.0,0.0,0.00037277796623811906,3.4078508988022804,3.405390002997592,-0.0024608958046883345,/home/ubuntu/a0509_vla_linux_field_bundle_20260903/lhj/phase11_sim_condition_replication/real_dataset/baseline/episodes/episode_000003/images/primary/000017.jpg,/home/ubuntu/a0509_vla_linux_field_bundle_20260903/lhj/phase11_sim_condition_replication/real_dataset/distractor_swap/episodes/episode_000003/images/primary/000017.jpg
distractor_swap,episode_000003,18,18,descent_to_grasp,0.0,0.0,0.0,4.927820730417366e-05,3.605746430810541,3.6056626378558576,-8.379295468330383e-05,/home/ubuntu/a0509_vla_linux_field_bundle_20260903/lhj/phase11_sim_condition_replication/real_dataset/baseline/episodes/episode_000003/images/primary/000018.jpg,/home/ubuntu/a0509_vla_linux_field_bundle_20260903/lhj/phase11_sim_condition_replication/real_dataset/distractor_swap/episodes/episode_000003/images/primary/000018.jpg
distractor_swap,episode_000003,19,19,descent_to_grasp,0.14285714285714285,0.14285714285714285,0.0,0.0001797345445927039,3.8071788598317653,3.805338507052511,-0.0018403527792543173,/home/ubuntu/a0509_vla_linux_field_bundle_20260903/lhj/phase11_sim_condition_replication/real_dataset/baseline/episodes/episode_000003/images/primary/000019.jpg,/home/ubuntu/a0509_vla_linux_field_bundle_20260903/lhj/phase11_sim_condition_replication/real_dataset/distractor_swap/episodes/episode_000003/images/primary/000019.jpg
distractor_swap,episode_000003,20,20,descent_to_grasp,0.2857142857142857,0.2857142857142857,0.0,9.751375501796727e-05,4.006364258006215,4.00588177703321,-0.0004824809730052948,/home/ubuntu/a0509_vla_linux_field_bundle_20260903/lhj/phase11_sim_condition_replication/real_dataset/baseline/episodes/episode_000003/images/primary/000020.jpg,/home/ubuntu/a0509_vla_linux_field_bundle_20260903/lhj/phase11_sim_condition_replication/real_dataset/distractor_swap/episodes/episode_000003/images/primary/000020.jpg
distractor_swap,episode_000003,21,21,descent_to_grasp,0.42857142857142855,0.42857142857142855,0.0,2.778840361386245e-05,4.2057825059164315,4.207289306912571,0.0015068009961396456,/home/ubuntu/a0509_vla_linux_field_bundle_20260903/lhj/phase11_sim_condition_replication/real_dataset/baseline/episodes/episode_000003/images/primary/000021.jpg,/home/ubuntu/a0509_vla_linux_field_bundle_20260903/lhj/phase11_sim_condition_replication/real_dataset/distractor_swap/episodes/episode_000003/images/primary/000021.jpg
distractor_swap,episode_000003,22,22,descent_to_grasp,0.5714285714285714,0.5714285714285714,0.0,0.00045808725970379025,4.411305564921349,4.405851323856041,-0.005454241065308452,/home/ubuntu/a0509_vla_linux_field_bundle_20260903/lhj/phase11_sim_condition_replication/real_dataset/baseline/episodes/episode_000003/images/primary/000022.jpg,/home/ubuntu/a0509_vla_linux_field_bundle_20260903/lhj/phase11_sim_condition_replication/real_dataset/distractor_swap/episodes/episode_000003/images/primary/000022.jpg
distractor_swap,episode_000003,23,23,descent_to_grasp,0.7142857142857143,0.7142857142857143,0.0,0.0004988707313135706,4.612312950892374,4.606415715999901,-0.005897234892472625,/home/ubuntu/a0509_vla_linux_field_bundle_20260903/lhj/phase11_sim_condition_replication/real_dataset/baseline/episodes/episode_000003/images/primary/000023.jpg,/home/ubuntu/a0509_vla_linux_field_bundle_20260903/lhj/phase11_sim_condition_replication/real_dataset/distractor_swap/episodes/episode_000003/images/primary/000023.jpg
distractor_swap,episode_000003,24,24,descent_to_grasp,0.8571428571428571,0.8571428571428571,0.0,8.528336681812915e-05,4.805717646842822,4.806029043858871,0.0003113970160484314,/home/ubuntu/a0509_vla_linux_field_bundle_20260903/lhj/phase11_sim_condition_replication/real_dataset/baseline/episodes/episode_000003/images/primary/000024.jpg,/home/ubuntu/a0509_vla_linux_field_bundle_20260903/lhj/phase11_sim_condition_replication/real_dataset/distractor_swap/episodes/episode_000003/images/primary/000024.jpg
distractor_swap,episode_000003,25,25,descent_to_grasp,1.0,1.0,0.0,0.0002347644112118696,5.0075702329631895,5.00584664195776,-0.0017235910054296255,/home/ubuntu/a0509_vla_linux_field_bundle_20260903/lhj/phase11_sim_condition_replication/real_dataset/baseline/episodes/episode_000003/images/primary/000025.jpg,/home/ubuntu/a0509_vla_linux_field_bundle_20260903/lhj/phase11_sim_condition_replication/real_dataset/distractor_swap/episodes/episode_000003/images/primary/000025.jpg
distractor_swap,episode_000003,26,26,grasp_close,0.0,0.0,0.0,0.0,5.208204024005681,5.205866481876001,-0.0023375421296805143,/home/ubuntu/a0509_vla_linux_field_bundle_20260903/lhj/phase11_sim_condition_replication/real_dataset/baseline/episodes/episode_000003/images/primary/000026.jpg,/home/ubuntu/a0509_vla_linux_field_bundle_20260903/lhj/phase11_sim_condition_replication/real_dataset/distractor_swap/episodes/episode_000003/images/primary/000026.jpg
distractor_swap,episode_000003,27,27,grasp_close,0.1111111111111111,0.1111111111111111,0.0,0.0,5.408858294831589,5.409397755982354,0.000539461150765419,/home/ubuntu/a0509_vla_linux_field_bundle_20260903/lhj/phase11_sim_condition_replication/real_dataset/baseline/episodes/episode_000003/images/primary/000027.jpg,/home/ubuntu/a0509_vla_linux_field_bundle_20260903/lhj/phase11_sim_condition_replication/real_dataset/distractor_swap/episodes/episode_000003/images/primary/000027.jpg
distractor_swap,episode_000003,28,28,grasp_close,0.2222222222222222,0.2222222222222222,0.0,0.0,5.6095838798210025,5.605632811086252,-0.003951068734750152,/home/ubuntu/a0509_vla_linux_field_bundle_20260903/lhj/phase11_sim_condition_replication/real_dataset/baseline/episodes/episode_000003/images/primary/000028.jpg,/home/ubuntu/a0509_vla_linux_field_bundle_20260903/lhj/phase11_sim_condition_replication/real_dataset/distractor_swap/episodes/episode_000003/images/primary/000028.jpg
distractor_swap,episode_000003,29,29,grasp_close,0.3333333333333333,0.3333333333333333,0.0,0.0,5.807591572869569,5.805576818995178,-0.0020147538743913174,/home/ubuntu/a0509_vla_linux_field_bundle_20260903/lhj/phase11_sim_condition_replication/real_dataset/baseline/episodes/episode_000003/images/primary/000029.jpg,/home/ubuntu/a0509_vla_linux_field_bundle_20260903/lhj/phase11_sim_condition_replication/real_dataset/distractor_swap/episodes/episode_000003/images/primary/000029.jpg
distractor_swap,episode_000003,30,30,grasp_close,0.4444444444444444,0.4444444444444444,0.0,0.0,6.007588000968099,6.005442111054435,-0.002145889913663268,/home/ubuntu/a0509_vla_linux_field_bundle_20260903/lhj/phase11_sim_condition_replication/real_dataset/baseline/episodes/episode_000003/images/primary/000030.jpg,/home/ubuntu/a0509_vla_linux_field_bundle_20260903/lhj/phase11_sim_condition_replication/real_dataset/distractor_swap/episodes/episode_000003/images/primary/000030.jpg
distractor_swap,episode_000003,31,31,grasp_close,0.5555555555555556,0.5555555555555556,0.0,0.0,6.2093358968850225,6.205672943033278,-0.0036629538517445326,/home/ubuntu/a0509_vla_linux_field_bundle_20260903/lhj/phase11_sim_condition_replication/real_dataset/baseline/episodes/episode_000003/images/primary/000031.jpg,/home/ubuntu/a0509_vla_linux_field_bundle_20260903/lhj/phase11_sim_condition_replication/real_dataset/distractor_swap/episodes/episode_000003/images/primary/000031.jpg
distractor_swap,episode_000003,32,32,grasp_close,0.6666666666666666,0.6666666666666666,0.0,0.0,6.405770653858781,6.405881728976965,0.00011107511818408966,/home/ubuntu/a0509_vla_linux_field_bundle_20260903/lhj/phase11_sim_condition_replication/real_dataset/baseline/episodes/episode_000003/images/primary/000032.jpg,/home/ubuntu/a0509_vla_linux_field_bundle_20260903/lhj/phase11_sim_condition_replication/real_dataset/distractor_swap/episodes/episode_000003/images/primary/000032.jpg
distractor_swap,episode_000003,33,33,grasp_close,0.7777777777777778,0.7777777777777778,0.0,0.0,6.60807411884889,6.607822512974963,-0.000251605873927474,/home/ubuntu/a0509_vla_linux_field_bundle_20260903/lhj/phase11_sim_condition_replication/real_dataset/baseline/episodes/episode_000003/images/primary/000033.jpg,/home/ubuntu/a0509_vla_linux_field_bundle_20260903/lhj/phase11_sim_condition_replication/real_dataset/distractor_swap/episodes/episode_000003/images/primary/000033.jpg
distractor_swap,episode_000003,34,34,grasp_close,0.8888888888888888,0.8888888888888888,0.0,0.0,6.80959482700564,6.806017155991867,-0.0035776710137724876,/home/ubuntu/a0509_vla_linux_field_bundle_20260903/lhj/phase11_sim_condition_replication/real_dataset/baseline/episodes/episode_000003/images/primary/000034.jpg,/home/ubuntu/a0509_vla_linux_field_bundle_20260903/lhj/phase11_sim_condition_replication/real_dataset/distractor_swap/episodes/episode_000003/images/primary/000034.jpg
distractor_swap,episode_000003,35,35,grasp_close,1.0,1.0,0.0,0.0,7.009832894895226,7.006194931920618,-0.0036379629746079445,/home/ubuntu/a0509_vla_linux_field_bundle_20260903/lhj/phase11_sim_condition_replication/real_dataset/baseline/episodes/episode_000003/images/primary/000035.jpg,/home/ubuntu/a0509_vla_linux_field_bundle_20260903/lhj/phase11_sim_condition_replication/real_dataset/distractor_swap/episodes/episode_000003/images/primary/000035.jpg
distractor_swap,episode_000003,36,36,lift,0.0,0.0,0.0,0.000333409201215662,7.20824107597582,7.20603683590889,-0.0022042400669306517,/home/ubuntu/a0509_vla_linux_field_bundle_20260903/lhj/phase11_sim_condition_replication/real_dataset/baseline/episodes/episode_000003/images/primary/000036.jpg,/home/ubuntu/a0509_vla_linux_field_bundle_20260903/lhj/phase11_sim_condition_replication/real_dataset/distractor_swap/episodes/episode_000003/images/primary/000036.jpg
distractor_swap,episode_000003,37,37,lift,0.14285714285714285,0.125,0.01785714285714285,0.0010460933434175423,7.407525270944461,7.4057066810783,-0.0018185898661613464,/home/ubuntu/a0509_vla_linux_field_bundle_20260903/lhj/phase11_sim_condition_replication/real_dataset/baseline/episodes/episode_000003/images/primary/000037.jpg,/home/ubuntu/a0509_vla_linux_field_bundle_20260903/lhj/phase11_sim_condition_replication/real_dataset/distractor_swap/episodes/episode_000003/images/primary/000037.jpg
distractor_swap,episode_000003,38,38,lift,0.2857142857142857,0.25,0.0357142857142857,0.0016670563665092675,7.606305341934785,7.606280236039311,-2.5105895474553108e-05,/home/ubuntu/a0509_vla_linux_field_bundle_20260903/lhj/phase11_sim_condition_replication/real_dataset/baseline/episodes/episode_000003/images/primary/000038.jpg,/home/ubuntu/a0509_vla_linux_field_bundle_20260903/lhj/phase11_sim_condition_replication/real_dataset/distractor_swap/episodes/episode_000003/images/primary/000038.jpg
distractor_swap,episode_000003,39,39,lift,0.42857142857142855,0.375,0.05357142857142855,0.0022447714195488744,7.806910220999271,7.809461971046403,0.002551750047132373,/home/ubuntu/a0509_vla_linux_field_bundle_20260903/lhj/phase11_sim_condition_replication/real_dataset/baseline/episodes/episode_000003/images/primary/000039.jpg,/home/ubuntu/a0509_vla_linux_field_bundle_20260903/lhj/phase11_sim_condition_replication/real_dataset/distractor_swap/episodes/episode_000003/images/primary/000039.jpg
distractor_swap,episode_000003,40,41,lift,0.5714285714285714,0.625,0.0535714285714286,0.009472590161216488,8.007742518791929,8.205519469920546,0.19777695112861693,/home/ubuntu/a0509_vla_linux_field_bundle_20260903/lhj/phase11_sim_condition_replication/real_dataset/baseline/episodes/episode_000003/images/primary/000040.jpg,/home/ubuntu/a0509_vla_linux_field_bundle_20260903/lhj/phase11_sim_condition_replication/real_dataset/distractor_swap/episodes/episode_000003/images/primary/000041.jpg
distractor_swap,episode_000003,41,42,lift,0.7142857142857143,0.75,0.0357142857142857,0.009071574792336778,8.206083945930004,8.409075021045282,0.20299107511527836,/home/ubuntu/a0509_vla_linux_field_bundle_20260903/lhj/phase11_sim_condition_replication/real_dataset/baseline/episodes/episode_000003/images/primary/000041.jpg,/home/ubuntu/a0509_vla_linux_field_bundle_20260903/lhj/phase11_sim_condition_replication/real_dataset/distractor_swap/episodes/episode_000003/images/primary/000042.jpg
distractor_swap,episode_000003,42,43,lift,0.8571428571428571,0.875,0.017857142857142905,0.008271272828731968,8.405885156011209,8.6079190839082,0.20203392789699137,/home/ubuntu/a0509_vla_linux_field_bundle_20260903/lhj/phase11_sim_condition_replication/real_dataset/baseline/episodes/episode_000003/images/primary/000042.jpg,/home/ubuntu/a0509_vla_linux_field_bundle_20260903/lhj/phase11_sim_condition_replication/real_dataset/distractor_swap/episodes/episode_000003/images/primary/000043.jpg
distractor_swap,episode_000003,43,44,lift,1.0,1.0,0.0,0.007550959081275732,8.606000524014235,8.808348743943498,0.202348219929263,/home/ubuntu/a0509_vla_linux_field_bundle_20260903/lhj/phase11_sim_condition_replication/real_dataset/baseline/episodes/episode_000003/images/primary/000043.jpg,/home/ubuntu/a0509_vla_linux_field_bundle_20260903/lhj/phase11_sim_condition_replication/real_dataset/distractor_swap/episodes/episode_000003/images/primary/000044.jpg
distractor_swap,episode_000004,0,0,hold,0.0,0.0,0.0,1.4512015413766797e-06,0.008508765138685703,0.012293034000322223,0.0037842688616365194,/home/ubuntu/a0509_vla_linux_field_bundle_20260903/lhj/phase11_sim_condition_replication/real_dataset/baseline/episodes/episode_000004/images/primary/000000.jpg,/home/ubuntu/a0509_vla_linux_field_bundle_20260903/lhj/phase11_sim_condition_replication/real_dataset/distractor_swap/episodes/episode_000004/images/primary/000000.jpg
distractor_swap,episode_000004,1,1,hold,1.0,1.0,0.0,1.4512015413766797e-06,0.20653516217134893,0.20889444090425968,0.0023592787329107523,/home/ubuntu/a0509_vla_linux_field_bundle_20260903/lhj/phase11_sim_condition_replication/real_dataset/baseline/episodes/episode_000004/images/primary/000001.jpg,/home/ubuntu/a0509_vla_linux_field_bundle_20260903/lhj/phase11_sim_condition_replication/real_dataset/distractor_swap/episodes/episode_000004/images/primary/000001.jpg
distractor_swap,episode_000004,2,2,alignment,0.0,0.0,0.0,0.0002258356734910792,0.40573329804465175,0.4084584889933467,0.0027251909486949444,/home/ubuntu/a0509_vla_linux_field_bundle_20260903/lhj/phase11_sim_condition_replication/real_dataset/baseline/episodes/episode_000004/images/primary/000002.jpg,/home/ubuntu/a0509_vla_linux_field_bundle_20260903/lhj/phase11_sim_condition_replication/real_dataset/distractor_swap/episodes/episode_000004/images/primary/000002.jpg
distractor_swap,episode_000004,3,3,alignment,0.0625,0.0625,0.0,1.827239027474503e-05,0.6060179800260812,0.60725307604298,0.0012350960168987513,/home/ubuntu/a0509_vla_linux_field_bundle_20260903/lhj/phase11_sim_condition_replication/real_dataset/baseline/episodes/episode_000004/images/primary/000003.jpg,/home/ubuntu/a0509_vla_linux_field_bundle_20260903/lhj/phase11_sim_condition_replication/real_dataset/distractor_swap/episodes/episode_000004/images/primary/000003.jpg
distractor_swap,episode_000004,4,4,alignment,0.125,0.125,0.0,0.0004683916514650999,0.8085884579923004,0.8067087209783494,-0.001879737013950944,/home/ubuntu/a0509_vla_linux_field_bundle_20260903/lhj/phase11_sim_condition_replication/real_dataset/baseline/episodes/episode_000004/images/primary/000004.jpg,/home/ubuntu/a0509_vla_linux_field_bundle_20260903/lhj/phase11_sim_condition_replication/real_dataset/distractor_swap/episodes/episode_000004/images/primary/000004.jpg
distractor_swap,episode_000004,5,5,alignment,0.1875,0.1875,0.0,0.0006547510959508291,1.0086760981939733,1.0057625439949334,-0.002913554199039936,/home/ubuntu/a0509_vla_linux_field_bundle_20260903/lhj/phase11_sim_condition_replication/real_dataset/baseline/episodes/episode_000004/images/primary/000005.jpg,/home/ubuntu/a0509_vla_linux_field_bundle_20260903/lhj/phase11_sim_condition_replication/real_dataset/distractor_swap/episodes/episode_000004/images/primary/000005.jpg
distractor_swap,episode_000004,6,6,alignment,0.25,0.25,0.0,0.0006948923654280437,1.208393830107525,1.2056022640317678,-0.002791566075757146,/home/ubuntu/a0509_vla_linux_field_bundle_20260903/lhj/phase11_sim_condition_replication/real_dataset/baseline/episodes/episode_000004/images/primary/000006.jpg,/home/ubuntu/a0509_vla_linux_field_bundle_20260903/lhj/phase11_sim_condition_replication/real_dataset/distractor_swap/episodes/episode_000004/images/primary/000006.jpg
distractor_swap,episode_000004,7,7,alignment,0.3125,0.3125,0.0,9.749596775280945e-05,1.4054060941562057,1.4077736360486597,0.002367541892454028,/home/ubuntu/a0509_vla_linux_field_bundle_20260903/lhj/phase11_sim_condition_replication/real_dataset/baseline/episodes/episode_000004/images/primary/000007.jpg,/home/ubuntu/a0509_vla_linux_field_bundle_20260903/lhj/phase11_sim_condition_replication/real_dataset/distractor_swap/episodes/episode_000004/images/primary/000007.jpg
distractor_swap,episode_000004,8,8,alignment,0.375,0.375,0.0,0.0006444571290981065,1.607698149047792,1.6061842779163271,-0.001513871131464839,/home/ubuntu/a0509_vla_linux_field_bundle_20260903/lhj/phase11_sim_condition_replication/real_dataset/baseline/episodes/episode_000004/images/primary/000008.jpg,/home/ubuntu/a0509_vla_linux_field_bundle_20260903/lhj/phase11_sim_condition_replication/real_dataset/distractor_swap/episodes/episode_000004/images/primary/000008.jpg
distractor_swap,episode_000004,9,9,alignment,0.4375,0.4375,0.0,0.0007049304888223323,1.8055067711975425,1.8151021709199995,0.009595399722456932,/home/ubuntu/a0509_vla_linux_field_bundle_20260903/lhj/phase11_sim_condition_replication/real_dataset/baseline/episodes/episode_000004/images/primary/000009.jpg,/home/ubuntu/a0509_vla_linux_field_bundle_20260903/lhj/phase11_sim_condition_replication/real_dataset/distractor_swap/episodes/episode_000004/images/primary/000009.jpg
distractor_swap,episode_000004,10,10,alignment,0.5,0.5,0.0,0.0005572418901626417,2.007321888115257,2.0073773530311882,5.546491593122482e-05,/home/ubuntu/a0509_vla_linux_field_bundle_20260903/lhj/phase11_sim_condition_replication/real_dataset/baseline/episodes/episode_000004/images/primary/000010.jpg,/home/ubuntu/a0509_vla_linux_field_bundle_20260903/lhj/phase11_sim_condition_replication/real_dataset/distractor_swap/episodes/episode_000004/images/primary/000010.jpg
distractor_swap,episode_000004,11,11,alignment,0.5625,0.5625,0.0,0.0007217209631850243,2.2066419071052223,2.205834944965318,-0.000806962139904499,/home/ubuntu/a0509_vla_linux_field_bundle_20260903/lhj/phase11_sim_condition_replication/real_dataset/baseline/episodes/episode_000004/images/primary/000011.jpg,/home/ubuntu/a0509_vla_linux_field_bundle_20260903/lhj/phase11_sim_condition_replication/real_dataset/distractor_swap/episodes/episode_000004/images/primary/000011.jpg
distractor_swap,episode_000004,12,12,alignment,0.625,0.625,0.0,0.0005887797599498118,2.4062775131314993,2.4069614799227566,0.0006839667912572622,/home/ubuntu/a0509_vla_linux_field_bundle_20260903/lhj/phase11_sim_condition_replication/real_dataset/baseline/episodes/episode_000004/images/primary/000012.jpg,/home/ubuntu/a0509_vla_linux_field_bundle_20260903/lhj/phase11_sim_condition_replication/real_dataset/distractor_swap/episodes/episode_000004/images/primary/000012.jpg
distractor_swap,episode_000004,13,13,alignment,0.6875,0.6875,0.0,0.00045076092598157004,2.6058486599940807,2.608063579071313,0.00221491907723248,/home/ubuntu/a0509_vla_linux_field_bundle_20260903/lhj/phase11_sim_condition_replication/real_dataset/baseline/episodes/episode_000004/images/primary/000013.jpg,/home/ubuntu/a0509_vla_linux_field_bundle_20260903/lhj/phase11_sim_condition_replication/real_dataset/distractor_swap/episodes/episode_000004/images/primary/000013.jpg
distractor_swap,episode_000004,14,14,alignment,0.75,0.75,0.0,0.0006657993206756245,2.806612932123244,2.8075686669908464,0.0009557348676025867,/home/ubuntu/a0509_vla_linux_field_bundle_20260903/lhj/phase11_sim_condition_replication/real_dataset/baseline/episodes/episode_000004/images/primary/000014.jpg,/home/ubuntu/a0509_vla_linux_field_bundle_20260903/lhj/phase11_sim_condition_replication/real_dataset/distractor_swap/episodes/episode_000004/images/primary/000014.jpg
distractor_swap,episode_000004,15,15,alignment,0.8125,0.8125,0.0,0.0004951140417761845,3.006236251210794,3.0089814520906657,0.0027452008798718452,/home/ubuntu/a0509_vla_linux_field_bundle_20260903/lhj/phase11_sim_condition_replication/real_dataset/baseline/episodes/episode_000004/images/primary/000015.jpg,/home/ubuntu/a0509_vla_linux_field_bundle_20260903/lhj/phase11_sim_condition_replication/real_dataset/distractor_swap/episodes/episode_000004/images/primary/000015.jpg
distractor_swap,episode_000004,16,16,alignment,0.875,0.875,0.0,0.0009375403200799656,3.2059800811111927,3.2056651629973203,-0.00031491811387240887,/home/ubuntu/a0509_vla_linux_field_bundle_20260903/lhj/phase11_sim_condition_replication/real_dataset/baseline/episodes/episode_000004/images/primary/000016.jpg,/home/ubuntu/a0509_vla_linux_field_bundle_20260903/lhj/phase11_sim_condition_replication/real_dataset/distractor_swap/episodes/episode_000004/images/primary/000016.jpg
distractor_swap,episode_000004,17,17,alignment,0.9375,0.9375,0.0,0.0008741148647091254,3.4053154070861638,3.405940871918574,0.0006254648324102163,/home/ubuntu/a0509_vla_linux_field_bundle_20260903/lhj/phase11_sim_condition_replication/real_dataset/baseline/episodes/episode_000004/images/primary/000017.jpg,/home/ubuntu/a0509_vla_linux_field_bundle_20260903/lhj/phase11_sim_condition_replication/real_dataset/distractor_swap/episodes/episode_000004/images/primary/000017.jpg
distractor_swap,episode_000004,18,18,alignment,1.0,1.0,0.0,0.0009670411095628899,3.605834947200492,3.6061666239984334,0.0003316767979413271,/home/ubuntu/a0509_vla_linux_field_bundle_20260903/lhj/phase11_sim_condition_replication/real_dataset/baseline/episodes/episode_000004/images/primary/000018.jpg,/home/ubuntu/a0509_vla_linux_field_bundle_20260903/lhj/phase11_sim_condition_replication/real_dataset/distractor_swap/episodes/episode_000004/images/primary/000018.jpg
distractor_swap,episode_000004,19,19,descent_to_grasp,0.0,0.0,0.0,0.00010243031986729532,3.8062786161899567,3.813017109874636,0.00673849368467927,/home/ubuntu/a0509_vla_linux_field_bundle_20260903/lhj/phase11_sim_condition_replication/real_dataset/baseline/episodes/episode_000004/images/primary/000019.jpg,/home/ubuntu/a0509_vla_linux_field_bundle_20260903/lhj/phase11_sim_condition_replication/real_dataset/distractor_swap/episodes/episode_000004/images/primary/000019.jpg
distractor_swap,episode_000004,20,20,descent_to_grasp,0.14285714285714285,0.14285714285714285,0.0,0.0004559208296452581,4.0060651891399175,4.007768482901156,0.0017032937612384558,/home/ubuntu/a0509_vla_linux_field_bundle_20260903/lhj/phase11_sim_condition_replication/real_dataset/baseline/episodes/episode_000004/images/primary/000020.jpg,/home/ubuntu/a0509_vla_linux_field_bundle_20260903/lhj/phase11_sim_condition_replication/real_dataset/distractor_swap/episodes/episode_000004/images/primary/000020.jpg
distractor_swap,episode_000004,21,21,descent_to_grasp,0.2857142857142857,0.2857142857142857,0.0,0.000417677399553177,4.205648472066969,4.208066613879055,0.0024181418120861053,/home/ubuntu/a0509_vla_linux_field_bundle_20260903/lhj/phase11_sim_condition_replication/real_dataset/baseline/episodes/episode_000004/images/primary/000021.jpg,/home/ubuntu/a0509_vla_linux_field_bundle_20260903/lhj/phase11_sim_condition_replication/real_dataset/distractor_swap/episodes/episode_000004/images/primary/000021.jpg
distractor_swap,episode_000004,22,22,descent_to_grasp,0.42857142857142855,0.42857142857142855,0.0,0.0006395795990377218,4.40642947005108,4.405744741903618,-0.0006847281474620104,/home/ubuntu/a0509_vla_linux_field_bundle_20260903/lhj/phase11_sim_condition_replication/real_dataset/baseline/episodes/episode_000004/images/primary/000022.jpg,/home/ubuntu/a0509_vla_linux_field_bundle_20260903/lhj/phase11_sim_condition_replication/real_dataset/distractor_swap/episodes/episode_000004/images/primary/000022.jpg
distractor_swap,episode_000004,23,23,descent_to_grasp,0.5714285714285714,0.5714285714285714,0.0,0.0006486075245361042,4.6078428470063955,4.607180485036224,-0.0006623619701713324,/home/ubuntu/a0509_vla_linux_field_bundle_20260903/lhj/phase11_sim_condition_replication/real_dataset/baseline/episodes/episode_000004/images/primary/000023.jpg,/home/ubuntu/a0509_vla_linux_field_bundle_20260903/lhj/phase11_sim_condition_replication/real_dataset/distractor_swap/episodes/episode_000004/images/primary/000023.jpg
distractor_swap,episode_000004,24,24,descent_to_grasp,0.7142857142857143,0.7142857142857143,0.0,0.0005846475554467905,4.805911961011589,4.806340771960095,0.00042881094850599766,/home/ubuntu/a0509_vla_linux_field_bundle_20260903/lhj/phase11_sim_condition_replication/real_dataset/baseline/episodes/episode_000004/images/primary/000024.jpg,/home/ubuntu/a0509_vla_linux_field_bundle_20260903/lhj/phase11_sim_condition_replication/real_dataset/distractor_swap/episodes/episode_000004/images/primary/000024.jpg
distractor_swap,episode_000004,25,25,descent_to_grasp,0.8571428571428571,0.8571428571428571,0.0,0.000619724771195162,5.00553515413776,5.00560258096084,6.742682307958603e-05,/home/ubuntu/a0509_vla_linux_field_bundle_20260903/lhj/phase11_sim_condition_replication/real_dataset/baseline/episodes/episode_000004/images/primary/000025.jpg,/home/ubuntu/a0509_vla_linux_field_bundle_20260903/lhj/phase11_sim_condition_replication/real_dataset/distractor_swap/episodes/episode_000004/images/primary/000025.jpg
distractor_swap,episode_000004,26,26,descent_to_grasp,1.0,1.0,0.0,0.0006962893711726099,5.206780571024865,5.205878874054179,-0.0009016969706863165,/home/ubuntu/a0509_vla_linux_field_bundle_20260903/lhj/phase11_sim_condition_replication/real_dataset/baseline/episodes/episode_000004/images/primary/000026.jpg,/home/ubuntu/a0509_vla_linux_field_bundle_20260903/lhj/phase11_sim_condition_replication/real_dataset/distractor_swap/episodes/episode_000004/images/primary/000026.jpg
distractor_swap,episode_000004,27,27,grasp_close,0.0,0.0,0.0,0.0,5.405154730193317,5.40616733697243,0.001012606779113412,/home/ubuntu/a0509_vla_linux_field_bundle_20260903/lhj/phase11_sim_condition_replication/real_dataset/baseline/episodes/episode_000004/images/primary/000027.jpg,/home/ubuntu/a0509_vla_linux_field_bundle_20260903/lhj/phase11_sim_condition_replication/real_dataset/distractor_swap/episodes/episode_000004/images/primary/000027.jpg
distractor_swap,episode_000004,28,28,grasp_close,0.1111111111111111,0.1111111111111111,0.0,0.0,5.605701275169849,5.606111533939838,0.00041025876998901367,/home/ubuntu/a0509_vla_linux_field_bundle_20260903/lhj/phase11_sim_condition_replication/real_dataset/baseline/episodes/episode_000004/images/primary/000028.jpg,/home/ubuntu/a0509_vla_linux_field_bundle_20260903/lhj/phase11_sim_condition_replication/real_dataset/distractor_swap/episodes/episode_000004/images/primary/000028.jpg
distractor_swap,episode_000004,29,29,grasp_close,0.2222222222222222,0.2222222222222222,0.0,0.0,5.808492323150858,5.809509330894798,0.0010170077439397573,/home/ubuntu/a0509_vla_linux_field_bundle_20260903/lhj/phase11_sim_condition_replication/real_dataset/baseline/episodes/episode_000004/images/primary/000029.jpg,/home/ubuntu/a0509_vla_linux_field_bundle_20260903/lhj/phase11_sim_condition_replication/real_dataset/distractor_swap/episodes/episode_000004/images/primary/000029.jpg
distractor_swap,episode_000004,30,30,grasp_close,0.3333333333333333,0.3333333333333333,0.0,0.0,6.006656876998022,6.011494129896164,0.004837252898141742,/home/ubuntu/a0509_vla_linux_field_bundle_20260903/lhj/phase11_sim_condition_replication/real_dataset/baseline/episodes/episode_000004/images/primary/000030.jpg,/home/ubuntu/a0509_vla_linux_field_bundle_20260903/lhj/phase11_sim_condition_replication/real_dataset/distractor_swap/episodes/episode_000004/images/primary/000030.jpg
distractor_swap,episode_000004,31,31,grasp_close,0.4444444444444444,0.4444444444444444,0.0,0.0,6.205901278182864,6.207526318961754,0.0016250407788902521,/home/ubuntu/a0509_vla_linux_field_bundle_20260903/lhj/phase11_sim_condition_replication/real_dataset/baseline/episodes/episode_000004/images/primary/000031.jpg,/home/ubuntu/a0509_vla_linux_field_bundle_20260903/lhj/phase11_sim_condition_replication/real_dataset/distractor_swap/episodes/episode_000004/images/primary/000031.jpg
distractor_swap,episode_000004,32,32,grasp_close,0.5555555555555556,0.5555555555555556,0.0,0.0,6.405569734051824,6.405356992036104,-0.00021274201571941376,/home/ubuntu/a0509_vla_linux_field_bundle_20260903/lhj/phase11_sim_condition_replication/real_dataset/baseline/episodes/episode_000004/images/primary/000032.jpg,/home/ubuntu/a0509_vla_linux_field_bundle_20260903/lhj/phase11_sim_condition_replication/real_dataset/distractor_swap/episodes/episode_000004/images/primary/000032.jpg
distractor_swap,episode_000004,33,33,grasp_close,0.6666666666666666,0.6666666666666666,0.0,0.0,6.60526735521853,6.6065162310842425,0.0012488758657127619,/home/ubuntu/a0509_vla_linux_field_bundle_20260903/lhj/phase11_sim_condition_replication/real_dataset/baseline/episodes/episode_000004/images/primary/000033.jpg,/home/ubuntu/a0509_vla_linux_field_bundle_20260903/lhj/phase11_sim_condition_replication/real_dataset/distractor_swap/episodes/episode_000004/images/primary/000033.jpg
distractor_swap,episode_000004,34,34,grasp_close,0.7777777777777778,0.7777777777777778,0.0,0.0,6.80574148404412,6.8068579020909965,0.0011164180468767881,/home/ubuntu/a0509_vla_linux_field_bundle_20260903/lhj/phase11_sim_condition_replication/real_dataset/baseline/episodes/episode_000004/images/primary/000034.jpg,/home/ubuntu/a0509_vla_linux_field_bundle_20260903/lhj/phase11_sim_condition_replication/real_dataset/distractor_swap/episodes/episode_000004/images/primary/000034.jpg
distractor_swap,episode_000004,35,35,grasp_close,0.8888888888888888,0.8888888888888888,0.0,0.0,7.005403500050306,7.00680855801329,0.0014050579629838467,/home/ubuntu/a0509_vla_linux_field_bundle_20260903/lhj/phase11_sim_condition_replication/real_dataset/baseline/episodes/episode_000004/images/primary/000035.jpg,/home/ubuntu/a0509_vla_linux_field_bundle_20260903/lhj/phase11_sim_condition_replication/real_dataset/distractor_swap/episodes/episode_000004/images/primary/000035.jpg
distractor_swap,episode_000004,36,36,grasp_close,1.0,1.0,0.0,0.0,7.205893489066511,7.210199713939801,0.004306224873289466,/home/ubuntu/a0509_vla_linux_field_bundle_20260903/lhj/phase11_sim_condition_replication/real_dataset/baseline/episodes/episode_000004/images/primary/000036.jpg,/home/ubuntu/a0509_vla_linux_field_bundle_20260903/lhj/phase11_sim_condition_replication/real_dataset/distractor_swap/episodes/episode_000004/images/primary/000036.jpg
distractor_swap,episode_000004,37,37,lift,0.0,0.0,0.0,3.8562776598249915e-05,7.405784917995334,7.416438520886004,0.0106536028906703,/home/ubuntu/a0509_vla_linux_field_bundle_20260903/lhj/phase11_sim_condition_replication/real_dataset/baseline/episodes/episode_000004/images/primary/000037.jpg,/home/ubuntu/a0509_vla_linux_field_bundle_20260903/lhj/phase11_sim_condition_replication/real_dataset/distractor_swap/episodes/episode_000004/images/primary/000037.jpg
distractor_swap,episode_000004,38,38,lift,0.125,0.125,0.0,0.00022283830291458528,7.605278925038874,7.612613969948143,0.007335044909268618,/home/ubuntu/a0509_vla_linux_field_bundle_20260903/lhj/phase11_sim_condition_replication/real_dataset/baseline/episodes/episode_000004/images/primary/000038.jpg,/home/ubuntu/a0509_vla_linux_field_bundle_20260903/lhj/phase11_sim_condition_replication/real_dataset/distractor_swap/episodes/episode_000004/images/primary/000038.jpg
distractor_swap,episode_000004,39,39,lift,0.25,0.25,0.0,0.0006471275161770706,7.805545528186485,7.805816038046032,0.000270509859547019,/home/ubuntu/a0509_vla_linux_field_bundle_20260903/lhj/phase11_sim_condition_replication/real_dataset/baseline/episodes/episode_000004/images/primary/000039.jpg,/home/ubuntu/a0509_vla_linux_field_bundle_20260903/lhj/phase11_sim_condition_replication/real_dataset/distractor_swap/episodes/episode_000004/images/primary/000039.jpg
distractor_swap,episode_000004,40,40,lift,0.375,0.375,0.0,0.0005734139285751283,8.00605420419015,8.007028576917946,0.0009743727277964354,/home/ubuntu/a0509_vla_linux_field_bundle_20260903/lhj/phase11_sim_condition_replication/real_dataset/baseline/episodes/episode_000004/images/primary/000040.jpg,/home/ubuntu/a0509_vla_linux_field_bundle_20260903/lhj/phase11_sim_condition_replication/real_dataset/distractor_swap/episodes/episode_000004/images/primary/000040.jpg
distractor_swap,episode_000004,41,41,lift,0.5,0.5,0.0,0.0003937855836936843,8.206087150145322,8.209418734069914,0.0033315839245915413,/home/ubuntu/a0509_vla_linux_field_bundle_20260903/lhj/phase11_sim_condition_replication/real_dataset/baseline/episodes/episode_000004/images/primary/000041.jpg,/home/ubuntu/a0509_vla_linux_field_bundle_20260903/lhj/phase11_sim_condition_replication/real_dataset/distractor_swap/episodes/episode_000004/images/primary/000041.jpg
distractor_swap,episode_000004,42,42,lift,0.625,0.625,0.0,0.000641684372114204,8.406924475217238,8.405941977864131,-0.0009824973531067371,/home/ubuntu/a0509_vla_linux_field_bundle_20260903/lhj/phase11_sim_condition_replication/real_dataset/baseline/episodes/episode_000004/images/primary/000042.jpg,/home/ubuntu/a0509_vla_linux_field_bundle_20260903/lhj/phase11_sim_condition_replication/real_dataset/distractor_swap/episodes/episode_000004/images/primary/000042.jpg
distractor_swap,episode_000004,43,43,lift,0.75,0.75,0.0,0.0006031559881610749,8.606872599106282,8.606046315981075,-0.0008262831252068281,/home/ubuntu/a0509_vla_linux_field_bundle_20260903/lhj/phase11_sim_condition_replication/real_dataset/baseline/episodes/episode_000004/images/primary/000043.jpg,/home/ubuntu/a0509_vla_linux_field_bundle_20260903/lhj/phase11_sim_condition_replication/real_dataset/distractor_swap/episodes/episode_000004/images/primary/000043.jpg
distractor_swap,episode_000004,44,44,lift,0.875,0.875,0.0,0.0005414994044421473,8.806152959121391,8.805845180060714,-0.0003077790606766939,/home/ubuntu/a0509_vla_linux_field_bundle_20260903/lhj/phase11_sim_condition_replication/real_dataset/baseline/episodes/episode_000004/images/primary/000044.jpg,/home/ubuntu/a0509_vla_linux_field_bundle_20260903/lhj/phase11_sim_condition_replication/real_dataset/distractor_swap/episodes/episode_000004/images/primary/000044.jpg
distractor_swap,episode_000004,45,45,lift,1.0,1.0,0.0,0.0004944570143710636,9.00595874316059,9.005940315080807,-1.8428079783916473e-05,/home/ubuntu/a0509_vla_linux_field_bundle_20260903/lhj/phase11_sim_condition_replication/real_dataset/baseline/episodes/episode_000004/images/primary/000045.jpg,/home/ubuntu/a0509_vla_linux_field_bundle_20260903/lhj/phase11_sim_condition_replication/real_dataset/distractor_swap/episodes/episode_000004/images/primary/000045.jpg
distractor_swap,episode_000005,0,0,hold,0.0,0.0,0.0,2.077354857230595e-06,0.009038018062710762,0.009609648026525974,0.0005716299638152122,/home/ubuntu/a0509_vla_linux_field_bundle_20260903/lhj/phase11_sim_condition_replication/real_dataset/baseline/episodes/episode_000005/images/primary/000000.jpg,/home/ubuntu/a0509_vla_linux_field_bundle_20260903/lhj/phase11_sim_condition_replication/real_dataset/distractor_swap/episodes/episode_000005/images/primary/000000.jpg
distractor_swap,episode_000005,1,1,hold,1.0,1.0,0.0,2.077354857230595e-06,0.20684475707821548,0.20800008694641292,0.001155329868197441,/home/ubuntu/a0509_vla_linux_field_bundle_20260903/lhj/phase11_sim_condition_replication/real_dataset/baseline/episodes/episode_000005/images/primary/000001.jpg,/home/ubuntu/a0509_vla_linux_field_bundle_20260903/lhj/phase11_sim_condition_replication/real_dataset/distractor_swap/episodes/episode_000005/images/primary/000001.jpg
distractor_swap,episode_000005,2,2,alignment,0.0,0.0,0.0,0.00032436266066049465,0.40623146295547485,0.40870325290597975,0.002471789950504899,/home/ubuntu/a0509_vla_linux_field_bundle_20260903/lhj/phase11_sim_condition_replication/real_dataset/baseline/episodes/episode_000005/images/primary/000002.jpg,/home/ubuntu/a0509_vla_linux_field_bundle_20260903/lhj/phase11_sim_condition_replication/real_dataset/distractor_swap/episodes/episode_000005/images/primary/000002.jpg
distractor_swap,episode_000005,3,3,alignment,0.07142857142857142,0.07692307692307693,0.005494505494505503,3.6311221016819746e-05,0.6060094500426203,0.6057176708709449,-0.00029177917167544365,/home/ubuntu/a0509_vla_linux_field_bundle_20260903/lhj/phase11_sim_condition_replication/real_dataset/baseline/episodes/episode_000005/images/primary/000003.jpg,/home/ubuntu/a0509_vla_linux_field_bundle_20260903/lhj/phase11_sim_condition_replication/real_dataset/distractor_swap/episodes/episode_000005/images/primary/000003.jpg
distractor_swap,episode_000005,4,4,alignment,0.14285714285714285,0.15384615384615385,0.010989010989011005,2.2680943720244766e-05,0.8056978669483215,0.8057900399435312,9.217299520969391e-05,/home/ubuntu/a0509_vla_linux_field_bundle_20260903/lhj/phase11_sim_condition_replication/real_dataset/baseline/episodes/episode_000005/images/primary/000004.jpg,/home/ubuntu/a0509_vla_linux_field_bundle_20260903/lhj/phase11_sim_condition_replication/real_dataset/distractor_swap/episodes/episode_000005/images/primary/000004.jpg
distractor_swap,episode_000005,5,5,alignment,0.21428571428571427,0.23076923076923078,0.016483516483516508,0.0001209606683661456,1.0067276710178703,1.0062640269752592,-0.00046364404261112213,/home/ubuntu/a0509_vla_linux_field_bundle_20260903/lhj/phase11_sim_condition_replication/real_dataset/baseline/episodes/episode_000005/images/primary/000005.jpg,/home/ubuntu/a0509_vla_linux_field_bundle_20260903/lhj/phase11_sim_condition_replication/real_dataset/distractor_swap/episodes/episode_000005/images/primary/000005.jpg
distractor_swap,episode_000005,6,6,alignment,0.2857142857142857,0.3076923076923077,0.02197802197802201,0.0001928675766144223,1.2068067351356149,1.206008078996092,-0.0007986561395227909,/home/ubuntu/a0509_vla_linux_field_bundle_20260903/lhj/phase11_sim_condition_replication/real_dataset/baseline/episodes/episode_000005/images/primary/000006.jpg,/home/ubuntu/a0509_vla_linux_field_bundle_20260903/lhj/phase11_sim_condition_replication/real_dataset/distractor_swap/episodes/episode_000005/images/primary/000006.jpg
distractor_swap,episode_000005,7,7,alignment,0.35714285714285715,0.38461538461538464,0.027472527472527486,0.0005466881585494332,1.4056640600319952,1.4113530388567597,0.00568897882476449,/home/ubuntu/a0509_vla_linux_field_bundle_20260903/lhj/phase11_sim_condition_replication/real_dataset/baseline/episodes/episode_000005/images/primary/000007.jpg,/home/ubuntu/a0509_vla_linux_field_bundle_20260903/lhj/phase11_sim_condition_replication/real_dataset/distractor_swap/episodes/episode_000005/images/primary/000007.jpg
distractor_swap,episode_000005,8,8,alignment,0.42857142857142855,0.46153846153846156,0.032967032967033016,0.00015065985295336265,1.6059546789620072,1.6060491090174764,9.443005546927452e-05,/home/ubuntu/a0509_vla_linux_field_bundle_20260903/lhj/phase11_sim_condition_replication/real_dataset/baseline/episodes/episode_000005/images/primary/000008.jpg,/home/ubuntu/a0509_vla_linux_field_bundle_20260903/lhj/phase11_sim_condition_replication/real_dataset/distractor_swap/episodes/episode_000005/images/primary/000008.jpg
distractor_swap,episode_000005,9,8,alignment,0.5,0.46153846153846156,0.038461538461538436,0.02425919790607791,1.8084317140746862,1.6060491090174764,-0.20238260505720973,/home/ubuntu/a0509_vla_linux_field_bundle_20260903/lhj/phase11_sim_condition_replication/real_dataset/baseline/episodes/episode_000005/images/primary/000009.jpg,/home/ubuntu/a0509_vla_linux_field_bundle_20260903/lhj/phase11_sim_condition_replication/real_dataset/distractor_swap/episodes/episode_000005/images/primary/000008.jpg
distractor_swap,episode_000005,10,9,alignment,0.5714285714285714,0.5384615384615384,0.03296703296703296,0.023774742381536335,2.0057716120500118,1.8077292740345001,-0.19804233801551163,/home/ubuntu/a0509_vla_linux_field_bundle_20260903/lhj/phase11_sim_condition_replication/real_dataset/baseline/episodes/episode_000005/images/primary/000010.jpg,/home/ubuntu/a0509_vla_linux_field_bundle_20260903/lhj/phase11_sim_condition_replication/real_dataset/distractor_swap/episodes/episode_000005/images/primary/000009.jpg
distractor_swap,episode_000005,11,10,alignment,0.6428571428571429,0.6153846153846154,0.027472527472527486,0.0002334930541593811,2.206053825095296,2.2062606690451503,0.00020684394985437393,/home/ubuntu/a0509_vla_linux_field_bundle_20260903/lhj/phase11_sim_condition_replication/real_dataset/baseline/episodes/episode_000005/images/primary/000011.jpg,/home/ubuntu/a0509_vla_linux_field_bundle_20260903/lhj/phase11_sim_condition_replication/real_dataset/distractor_swap/episodes/episode_000005/images/primary/000010.jpg
distractor_swap,episode_000005,12,11,alignment,0.7142857142857143,0.6923076923076923,0.02197802197802201,0.0011614239692885068,2.414184360066429,2.406868007965386,-0.007316352101042867,/home/ubuntu/a0509_vla_linux_field_bundle_20260903/lhj/phase11_sim_condition_replication/real_dataset/baseline/episodes/episode_000005/images/primary/000012.jpg,/home/ubuntu/a0509_vla_linux_field_bundle_20260903/lhj/phase11_sim_condition_replication/real_dataset/distractor_swap/episodes/episode_000005/images/primary/000011.jpg
distractor_swap,episode_000005,13,12,alignment,0.7857142857142857,0.7692307692307693,0.016483516483516425,0.00011769681214145191,2.6066854409873486,2.608406245941296,0.0017208049539476633,/home/ubuntu/a0509_vla_linux_field_bundle_20260903/lhj/phase11_sim_condition_replication/real_dataset/baseline/episodes/episode_000005/images/primary/000013.jpg,/home/ubuntu/a0509_vla_linux_field_bundle_20260903/lhj/phase11_sim_condition_replication/real_dataset/distractor_swap/episodes/episode_000005/images/primary/000012.jpg
distractor_swap,episode_000005,14,13,alignment,0.8571428571428571,0.8461538461538461,0.01098901098901095,0.0004920683309759676,2.8088880190625787,2.80773300700821,-0.0011550120543688536,/home/ubuntu/a0509_vla_linux_field_bundle_20260903/lhj/phase11_sim_condition_replication/real_dataset/baseline/episodes/episode_000005/images/primary/000014.jpg,/home/ubuntu/a0509_vla_linux_field_bundle_20260903/lhj/phase11_sim_condition_replication/real_dataset/distractor_swap/episodes/episode_000005/images/primary/000013.jpg
distractor_swap,episode_000005,15,14,alignment,0.9285714285714286,0.9230769230769231,0.005494505494505475,0.0002033650210241804,3.005878585157916,3.0074171158485115,0.0015385306905955076,/home/ubuntu/a0509_vla_linux_field_bundle_20260903/lhj/phase11_sim_condition_replication/real_dataset/baseline/episodes/episode_000005/images/primary/000015.jpg,/home/ubuntu/a0509_vla_linux_field_bundle_20260903/lhj/phase11_sim_condition_replication/real_dataset/distractor_swap/episodes/episode_000005/images/primary/000014.jpg
distractor_swap,episode_000005,16,15,alignment,1.0,1.0,0.0,0.00039579029893364653,3.206368625164032,3.2065591809805483,0.00019055581651628017,/home/ubuntu/a0509_vla_linux_field_bundle_20260903/lhj/phase11_sim_condition_replication/real_dataset/baseline/episodes/episode_000005/images/primary/000016.jpg,/home/ubuntu/a0509_vla_linux_field_bundle_20260903/lhj/phase11_sim_condition_replication/real_dataset/distractor_swap/episodes/episode_000005/images/primary/000015.jpg
distractor_swap,episode_000005,17,16,descent_to_grasp,0.0,0.0,0.0,0.0002218068673601563,3.405942111974582,3.4062757848296314,0.0003336728550493717,/home/ubuntu/a0509_vla_linux_field_bundle_20260903/lhj/phase11_sim_condition_replication/real_dataset/baseline/episodes/episode_000005/images/primary/000017.jpg,/home/ubuntu/a0509_vla_linux_field_bundle_20260903/lhj/phase11_sim_condition_replication/real_dataset/distractor_swap/episodes/episode_000005/images/primary/000016.jpg
distractor_swap,episode_000005,18,17,descent_to_grasp,0.14285714285714285,0.14285714285714285,0.0,0.00018661192427815785,3.6059322820510715,3.606710207881406,0.000777925830334425,/home/ubuntu/a0509_vla_linux_field_bundle_20260903/lhj/phase11_sim_condition_replication/real_dataset/baseline/episodes/episode_000005/images/primary/000018.jpg,/home/ubuntu/a0509_vla_linux_field_bundle_20260903/lhj/phase11_sim_condition_replication/real_dataset/distractor_swap/episodes/episode_000005/images/primary/000017.jpg
distractor_swap,episode_000005,19,18,descent_to_grasp,0.2857142857142857,0.2857142857142857,0.0,0.0002271892568691452,3.8065989741589874,3.806712406920269,0.00011343276128172874,/home/ubuntu/a0509_vla_linux_field_bundle_20260903/lhj/phase11_sim_condition_replication/real_dataset/baseline/episodes/episode_000005/images/primary/000019.jpg,/home/ubuntu/a0509_vla_linux_field_bundle_20260903/lhj/phase11_sim_condition_replication/real_dataset/distractor_swap/episodes/episode_000005/images/primary/000018.jpg
distractor_swap,episode_000005,20,19,descent_to_grasp,0.42857142857142855,0.42857142857142855,0.0,0.00014680028515641618,4.00563442800194,4.006853614933789,0.001219186931848526,/home/ubuntu/a0509_vla_linux_field_bundle_20260903/lhj/phase11_sim_condition_replication/real_dataset/baseline/episodes/episode_000005/images/primary/000020.jpg,/home/ubuntu/a0509_vla_linux_field_bundle_20260903/lhj/phase11_sim_condition_replication/real_dataset/distractor_swap/episodes/episode_000005/images/primary/000019.jpg
distractor_swap,episode_000005,21,20,descent_to_grasp,0.5714285714285714,0.5714285714285714,0.0,0.00012686174626227705,4.206403102958575,4.207843075040728,0.0014399720821529627,/home/ubuntu/a0509_vla_linux_field_bundle_20260903/lhj/phase11_sim_condition_replication/real_dataset/baseline/episodes/episode_000005/images/primary/000021.jpg,/home/ubuntu/a0509_vla_linux_field_bundle_20260903/lhj/phase11_sim_condition_replication/real_dataset/distractor_swap/episodes/episode_000005/images/primary/000020.jpg
distractor_swap,episode_000005,22,21,descent_to_grasp,0.7142857142857143,0.7142857142857143,0.0,9.797994873198768e-05,4.405915254959837,4.4077072909567505,0.00179203599691391,/home/ubuntu/a0509_vla_linux_field_bundle_20260903/lhj/phase11_sim_condition_replication/real_dataset/baseline/episodes/episode_000005/images/primary/000022.jpg,/home/ubuntu/a0509_vla_linux_field_bundle_20260903/lhj/phase11_sim_condition_replication/real_dataset/distractor_swap/episodes/episode_000005/images/primary/000021.jpg
distractor_swap,episode_000005,23,22,descent_to_grasp,0.8571428571428571,0.8571428571428571,0.0,0.0002755940572488511,4.606464511016384,4.605587322032079,-0.0008771889843046665,/home/ubuntu/a0509_vla_linux_field_bundle_20260903/lhj/phase11_sim_condition_replication/real_dataset/baseline/episodes/episode_000005/images/primary/000023.jpg,/home/ubuntu/a0509_vla_linux_field_bundle_20260903/lhj/phase11_sim_condition_replication/real_dataset/distractor_swap/episodes/episode_000005/images/primary/000022.jpg
distractor_swap,episode_000005,24,23,descent_to_grasp,1.0,1.0,0.0,0.0002820996421778194,4.807250670157373,4.806207397021353,-0.0010432731360197067,/home/ubuntu/a0509_vla_linux_field_bundle_20260903/lhj/phase11_sim_condition_replication/real_dataset/baseline/episodes/episode_000005/images/primary/000024.jpg,/home/ubuntu/a0509_vla_linux_field_bundle_20260903/lhj/phase11_sim_condition_replication/real_dataset/distractor_swap/episodes/episode_000005/images/primary/000023.jpg
distractor_swap,episode_000005,25,24,grasp_close,0.0,0.0,0.0,0.0,5.007893356960267,5.006348473019898,-0.0015448839403688908,/home/ubuntu/a0509_vla_linux_field_bundle_20260903/lhj/phase11_sim_condition_replication/real_dataset/baseline/episodes/episode_000005/images/primary/000025.jpg,/home/ubuntu/a0509_vla_linux_field_bundle_20260903/lhj/phase11_sim_condition_replication/real_dataset/distractor_swap/episodes/episode_000005/images/primary/000024.jpg
distractor_swap,episode_000005,26,25,grasp_close,0.1111111111111111,0.1111111111111111,0.0,0.0,5.205573417944834,5.205871355952695,0.0002979380078613758,/home/ubuntu/a0509_vla_linux_field_bundle_20260903/lhj/phase11_sim_condition_replication/real_dataset/baseline/episodes/episode_000005/images/primary/000026.jpg,/home/ubuntu/a0509_vla_linux_field_bundle_20260903/lhj/phase11_sim_condition_replication/real_dataset/distractor_swap/episodes/episode_000005/images/primary/000025.jpg
distractor_swap,episode_000005,27,26,grasp_close,0.2222222222222222,0.2222222222222222,0.0,0.0,5.4062099379953,5.406912207836285,0.0007022698409855366,/home/ubuntu/a0509_vla_linux_field_bundle_20260903/lhj/phase11_sim_condition_replication/real_dataset/baseline/episodes/episode_000005/images/primary/000027.jpg,/home/ubuntu/a0509_vla_linux_field_bundle_20260903/lhj/phase11_sim_condition_replication/real_dataset/distractor_swap/episodes/episode_000005/images/primary/000026.jpg
distractor_swap,episode_000005,28,27,grasp_close,0.3333333333333333,0.3333333333333333,0.0,0.0,5.605967210140079,5.60683042393066,0.0008632137905806303,/home/ubuntu/a0509_vla_linux_field_bundle_20260903/lhj/phase11_sim_condition_replication/real_dataset/baseline/episodes/episode_000005/images/primary/000028.jpg,/home/ubuntu/a0509_vla_linux_field_bundle_20260903/lhj/phase11_sim_condition_replication/real_dataset/distractor_swap/episodes/episode_000005/images/primary/000027.jpg
distractor_swap,episode_000005,29,28,grasp_close,0.4444444444444444,0.4444444444444444,0.0,0.0,5.805695502087474,5.805749224964529,5.372287705540657e-05,/home/ubuntu/a0509_vla_linux_field_bundle_20260903/lhj/phase11_sim_condition_replication/real_dataset/baseline/episodes/episode_000005/images/primary/000029.jpg,/home/ubuntu/a0509_vla_linux_field_bundle_20260903/lhj/phase11_sim_condition_replication/real_dataset/distractor_swap/episodes/episode_000005/images/primary/000028.jpg
distractor_swap,episode_000005,30,29,grasp_close,0.5555555555555556,0.5555555555555556,0.0,0.0,6.0082938589621335,6.007254082011059,-0.0010397769510746002,/home/ubuntu/a0509_vla_linux_field_bundle_20260903/lhj/phase11_sim_condition_replication/real_dataset/baseline/episodes/episode_000005/images/primary/000030.jpg,/home/ubuntu/a0509_vla_linux_field_bundle_20260903/lhj/phase11_sim_condition_replication/real_dataset/distractor_swap/episodes/episode_000005/images/primary/000029.jpg
distractor_swap,episode_000005,31,30,grasp_close,0.6666666666666666,0.6666666666666666,0.0,0.0,6.206059479154646,6.2055153648834676,-0.0005441142711788416,/home/ubuntu/a0509_vla_linux_field_bundle_20260903/lhj/phase11_sim_condition_replication/real_dataset/baseline/episodes/episode_000005/images/primary/000031.jpg,/home/ubuntu/a0509_vla_linux_field_bundle_20260903/lhj/phase11_sim_condition_replication/real_dataset/distractor_swap/episodes/episode_000005/images/primary/000030.jpg
distractor_swap,episode_000005,32,31,grasp_close,0.7777777777777778,0.7777777777777778,0.0,0.0,6.406502351164818,6.407970224041492,0.0014678728766739368,/home/ubuntu/a0509_vla_linux_field_bundle_20260903/lhj/phase11_sim_condition_replication/real_dataset/baseline/episodes/episode_000005/images/primary/000032.jpg,/home/ubuntu/a0509_vla_linux_field_bundle_20260903/lhj/phase11_sim_condition_replication/real_dataset/distractor_swap/episodes/episode_000005/images/primary/000031.jpg
distractor_swap,episode_000005,33,32,grasp_close,0.8888888888888888,0.8888888888888888,0.0,0.0,6.605016769142821,6.605776666896418,0.0007598977535963058,/home/ubuntu/a0509_vla_linux_field_bundle_20260903/lhj/phase11_sim_condition_replication/real_dataset/baseline/episodes/episode_000005/images/primary/000033.jpg,/home/ubuntu/a0509_vla_linux_field_bundle_20260903/lhj/phase11_sim_condition_replication/real_dataset/distractor_swap/episodes/episode_000005/images/primary/000032.jpg
distractor_swap,episode_000005,34,33,grasp_close,1.0,1.0,0.0,0.0,6.805913028074428,6.8058565750252455,-5.6453049182891846e-05,/home/ubuntu/a0509_vla_linux_field_bundle_20260903/lhj/phase11_sim_condition_replication/real_dataset/baseline/episodes/episode_000005/images/primary/000034.jpg,/home/ubuntu/a0509_vla_linux_field_bundle_20260903/lhj/phase11_sim_condition_replication/real_dataset/distractor_swap/episodes/episode_000005/images/primary/000033.jpg
distractor_swap,episode_000005,35,34,lift,0.0,0.0,0.0,0.00011481663816764742,7.00611605704762,7.006925855996087,0.0008097989484667778,/home/ubuntu/a0509_vla_linux_field_bundle_20260903/lhj/phase11_sim_condition_replication/real_dataset/baseline/episodes/episode_000005/images/primary/000035.jpg,/home/ubuntu/a0509_vla_linux_field_bundle_20260903/lhj/phase11_sim_condition_replication/real_dataset/distractor_swap/episodes/episode_000005/images/primary/000034.jpg
distractor_swap,episode_000005,36,35,lift,0.125,0.125,0.0,1.1722080376974642e-05,7.206180999055505,7.205740144010633,-0.0004408550448715687,/home/ubuntu/a0509_vla_linux_field_bundle_20260903/lhj/phase11_sim_condition_replication/real_dataset/baseline/episodes/episode_000005/images/primary/000036.jpg,/home/ubuntu/a0509_vla_linux_field_bundle_20260903/lhj/phase11_sim_condition_replication/real_dataset/distractor_swap/episodes/episode_000005/images/primary/000035.jpg
distractor_swap,episode_000005,37,36,lift,0.25,0.25,0.0,1.088039343194458e-05,7.406267113052309,7.406570483930409,0.0003033708781003952,/home/ubuntu/a0509_vla_linux_field_bundle_20260903/lhj/phase11_sim_condition_replication/real_dataset/baseline/episodes/episode_000005/images/primary/000037.jpg,/home/ubuntu/a0509_vla_linux_field_bundle_20260903/lhj/phase11_sim_condition_replication/real_dataset/distractor_swap/episodes/episode_000005/images/primary/000036.jpg
distractor_swap,episode_000005,38,37,lift,0.375,0.375,0.0,1.9904104005652457e-05,7.606014030985534,7.60752929886803,0.0015152678824961185,/home/ubuntu/a0509_vla_linux_field_bundle_20260903/lhj/phase11_sim_condition_replication/real_dataset/baseline/episodes/episode_000005/images/primary/000038.jpg,/home/ubuntu/a0509_vla_linux_field_bundle_20260903/lhj/phase11_sim_condition_replication/real_dataset/distractor_swap/episodes/episode_000005/images/primary/000037.jpg
distractor_swap,episode_000005,39,38,lift,0.5,0.5,0.0,0.0002892397558379445,7.808490788098425,7.805904580978677,-0.0025862071197479963,/home/ubuntu/a0509_vla_linux_field_bundle_20260903/lhj/phase11_sim_condition_replication/real_dataset/baseline/episodes/episode_000005/images/primary/000039.jpg,/home/ubuntu/a0509_vla_linux_field_bundle_20260903/lhj/phase11_sim_condition_replication/real_dataset/distractor_swap/episodes/episode_000005/images/primary/000038.jpg
distractor_swap,episode_000005,40,39,lift,0.625,0.625,0.0,1.3079277212446616e-05,8.005570285953581,8.008438515011221,0.0028682290576398373,/home/ubuntu/a0509_vla_linux_field_bundle_20260903/lhj/phase11_sim_condition_replication/real_dataset/baseline/episodes/episode_000005/images/primary/000040.jpg,/home/ubuntu/a0509_vla_linux_field_bundle_20260903/lhj/phase11_sim_condition_replication/real_dataset/distractor_swap/episodes/episode_000005/images/primary/000039.jpg
distractor_swap,episode_000005,41,40,lift,0.75,0.75,0.0,0.00024280961308909,8.20734621398151,8.20694439089857,-0.0004018230829387903,/home/ubuntu/a0509_vla_linux_field_bundle_20260903/lhj/phase11_sim_condition_replication/real_dataset/baseline/episodes/episode_000005/images/primary/000041.jpg,/home/ubuntu/a0509_vla_linux_field_bundle_20260903/lhj/phase11_sim_condition_replication/real_dataset/distractor_swap/episodes/episode_000005/images/primary/000040.jpg
distractor_swap,episode_000005,42,41,lift,0.875,0.875,0.0,0.00029645765812047475,8.406444316031411,8.405929788947105,-0.0005145270843058825,/home/ubuntu/a0509_vla_linux_field_bundle_20260903/lhj/phase11_sim_condition_replication/real_dataset/baseline/episodes/episode_000005/images/primary/000042.jpg,/home/ubuntu/a0509_vla_linux_field_bundle_20260903/lhj/phase11_sim_condition_replication/real_dataset/distractor_swap/episodes/episode_000005/images/primary/000041.jpg
distractor_swap,episode_000005,43,42,lift,1.0,1.0,0.0,0.0002383940465807144,8.605823829071596,8.606947052991018,0.0011232239194214344,/home/ubuntu/a0509_vla_linux_field_bundle_20260903/lhj/phase11_sim_condition_replication/real_dataset/baseline/episodes/episode_000005/images/primary/000043.jpg,/home/ubuntu/a0509_vla_linux_field_bundle_20260903/lhj/phase11_sim_condition_replication/real_dataset/distractor_swap/episodes/episode_000005/images/primary/000042.jpg
